"iso","scope","quintile","gender","population","year_survey","population_perc","ave_income_pc","max_income_pc","ave_hh_income","max_hh_income","access_water_piped_house","access_water_piped_plot","water_trucked","water_on_premises","water_distr","consume_distr","access_water_other_max","access_water_other_min","consume_bottled","access_water_daily","water_dist_continuity_jmp","improved_w_access_min","improved_w_access_max","access_water_piped_house_daily","access_water_piped_plot_daily","treat_water","water_meter","access_san_exclusive","access_sewer","access_septic","access_latrine_min","access_latrine_max","access_sewer_exclusive","access_septic_exclusive","access_latrine_exclusive_min","access_latrine_exclusive_max","improved_san_min__hh","improved_san_max","improved_san_min_exclusive","improved_san_max_exclusive","access_latrines_unimproved_min","access_latrines_unimproved_max","access_latrines_unimproved_exclusive_min","no_sanitation_access","name"
"ARG","urban","1","all",45376763,2020,NA,1414.33373382462,4000,8375.29193375449,43000,0.833,0.0257,NA,0.859,0.859,0.859,0.139,0,NA,NA,NA,0.859,0.998,NA,NA,NA,NA,0.967,0.619,0.263,0.0558,0.0558,0.602,0.256,0.0525,0.0525,0.938,0.938,0.91,0.91,0.0625,0.0625,0.0896,0.00539,"ARG_2020"
"ARG","urban","2","all",45376763,2020,NA,6192.45718477448,8333.33333333333,34642.0289630832,115268,0.783,0.0391,NA,0.822,0.822,0.822,0.177,0,NA,NA,NA,0.822,0.999,NA,NA,NA,NA,0.932,0.479,0.355,0.0517,0.0517,0.454,0.346,0.0486,0.0486,0.885,0.885,0.848,0.848,0.115,0.115,0.152,0.029,"ARG_2020"
"ARG","urban","3","all",45376763,2020,NA,10531.8077843061,13500,55083.8978920895,160060,0.841,0.0174,NA,0.858,0.858,0.858,0.141,0,NA,NA,NA,0.858,0.999,NA,NA,NA,NA,0.972,0.621,0.291,0.0152,0.0152,0.606,0.284,0.0146,0.0146,0.927,0.927,0.905,0.905,0.0731,0.0731,0.0953,0.00441,"ARG_2020"
"ARG","urban","4","all",45376763,2020,NA,17271.7817104312,22900,72300.6219571538,195000,0.893,0.00742,NA,0.901,0.901,0.901,0.0984,0,NA,NA,NA,0.901,0.999,NA,NA,NA,NA,0.984,0.698,0.243,0.00468,0.00468,0.687,0.24,0.00411,0.00411,0.945,0.945,0.931,0.931,0.0547,0.0547,0.0689,0.000802,"ARG_2020"
"ARG","urban","5","all",45376763,2020,NA,38165.9872875983,1049999,117901.015718495,1049999,0.931,0.00402,NA,0.935,0.935,0.935,0.0651,0,NA,NA,NA,0.935,1,NA,NA,NA,NA,0.989,0.821,0.148,0.00114,0.00114,0.814,0.145,0.00114,0.00114,0.97,0.97,0.96,0.96,0.03,0.03,0.0395,4.24e-05,"ARG_2020"
"ARG","urban","total","all",45376763,2020,0.92,12380.5180080538,1049999,51282.2248562352,1049999,0.856,0.0187,NA,0.875,0.875,0.875,0.124,0,NA,NA,NA,0.875,0.999,NA,NA,NA,NA,0.969,0.647,0.26,0.0257,0.0257,0.633,0.254,0.0242,0.0242,0.933,0.933,0.911,0.911,0.067,0.067,0.0891,0.00792,"ARG_2020"
"ARG","urban","1","female",45376763,2020,NA,1740.28049506222,4000,10735.8885813455,39000,0.835,0.0326,NA,0.868,0.868,0.868,0.128,0,NA,NA,NA,0.868,0.996,NA,NA,NA,NA,0.975,0.65,0.235,0.048,0.048,0.63,0.234,0.0476,0.0476,0.933,0.933,0.911,0.911,0.0673,0.0673,0.0888,0.00172,"ARG_2020"
"ARG","urban","2","female",45376763,2020,NA,6120.14683577448,8333.33333333333,33587.47357887,98000,0.724,0.0534,NA,0.778,0.778,0.778,0.221,0,NA,NA,NA,0.778,0.998,NA,NA,NA,NA,0.906,0.48,0.385,0.0405,0.0405,0.452,0.37,0.0377,0.0377,0.905,0.905,0.859,0.859,0.0953,0.0953,0.141,0.0459,"ARG_2020"
"ARG","urban","3","female",45376763,2020,NA,10615.986501338,13500,52732.907171762,160060,0.874,0.0221,NA,0.896,0.896,0.896,0.1,0,NA,NA,NA,0.896,0.996,NA,NA,NA,NA,0.965,0.66,0.279,0.0146,0.0146,0.637,0.271,0.0142,0.0142,0.954,0.954,0.922,0.922,0.0461,0.0461,0.0782,0.00151,"ARG_2020"
"ARG","urban","4","female",45376763,2020,NA,17161.9197721408,22900,70606.1730768298,172200,0.867,0.0105,NA,0.877,0.877,0.877,0.121,0,NA,NA,NA,0.877,0.998,NA,NA,NA,NA,0.982,0.651,0.283,0.00446,0.00446,0.638,0.279,0.00446,0.00446,0.938,0.938,0.922,0.922,0.0619,0.0619,0.078,0.000669,"ARG_2020"
"ARG","urban","5","female",45376763,2020,NA,38011.7048331997,3e+05,106302.388903539,6e+05,0.934,0.00458,NA,0.938,0.938,0.938,0.0612,0,NA,NA,NA,0.938,0.999,NA,NA,NA,NA,0.984,0.819,0.147,0.00129,0.00129,0.81,0.144,0.00129,0.00129,0.967,0.967,0.955,0.955,0.0326,0.0326,0.045,7.15e-05,"ARG_2020"
"ARG","urban","total","female",45376763,2020,0.371913037853301,11710.9741984424,3e+05,46870.0035624704,6e+05,0.843,0.0256,NA,0.868,0.868,0.868,0.129,0,NA,NA,NA,0.868,0.998,NA,NA,NA,NA,0.961,0.647,0.268,0.0228,0.0228,0.628,0.262,0.022,0.022,0.938,0.938,0.912,0.912,0.0619,0.0619,0.0879,0.011,"ARG_2020"
"ARG","urban","1","male",45376763,2020,NA,1153.89554612644,4000,6489.12650461904,43000,0.831,0.0203,NA,0.852,0.852,0.852,0.148,0,NA,NA,NA,0.852,1,NA,NA,NA,NA,0.96,0.595,0.284,0.0618,0.0618,0.581,0.273,0.0563,0.0563,0.941,0.941,0.91,0.91,0.0588,0.0588,0.0903,0.00821,"ARG_2020"
"ARG","urban","2","male",45376763,2020,NA,6252.38192852056,8333.33333333333,35515.9558910949,115268,0.834,0.0265,NA,0.861,0.861,0.861,0.139,0,NA,NA,NA,0.861,1,NA,NA,NA,NA,0.954,0.478,0.329,0.0615,0.0615,0.455,0.324,0.0582,0.0582,0.868,0.868,0.838,0.838,0.132,0.132,0.162,0.0141,"ARG_2020"
"ARG","urban","3","male",45376763,2020,NA,10485.7627018041,13500,56369.8709443729,159900,0.82,0.0145,NA,0.835,0.835,0.835,0.165,0,NA,NA,NA,0.835,1,NA,NA,NA,NA,0.976,0.597,0.297,0.0156,0.0156,0.587,0.293,0.0148,0.0148,0.91,0.91,0.894,0.894,0.0896,0.0896,0.106,0.00618,"ARG_2020"
"ARG","urban","4","male",45376763,2020,NA,17337.6419221044,22900,73316.4129004418,195000,0.911,0.00538,NA,0.916,0.916,0.916,0.0834,0,NA,NA,NA,0.916,1,NA,NA,NA,NA,0.985,0.729,0.216,0.00482,0.00482,0.72,0.213,0.00388,0.00388,0.95,0.95,0.937,0.937,0.05,0.05,0.0629,0.00089,"ARG_2020"
"ARG","urban","5","male",45376763,2020,NA,38257.5535281662,1049999,124784.770953887,1049999,0.928,0.00364,NA,0.932,0.932,0.932,0.0678,0,NA,NA,NA,0.932,1,NA,NA,NA,NA,0.992,0.822,0.149,0.00103,0.00103,0.817,0.146,0.00103,0.00103,0.972,0.972,0.964,0.964,0.0282,0.0282,0.0357,2.22e-05,"ARG_2020"
"ARG","urban","total","male",45376763,2020,0.548086962146699,12834.8475021055,1049999,54276.2070860221,1049999,0.866,0.0137,NA,0.879,0.879,0.879,0.12,0,NA,NA,NA,0.879,1,NA,NA,NA,NA,0.974,0.648,0.254,0.0278,0.0278,0.636,0.249,0.0258,0.0258,0.929,0.929,0.91,0.91,0.0707,0.0707,0.09,0.00569,"ARG_2020"
