"iso","scope","quintile","gender","population","year_survey","population_perc","ave_income_pc","max_income_pc","ave_hh_income","max_hh_income","access_water_piped_house","access_water_piped_plot","water_trucked","water_on_premises","water_distr","consume_distr","access_water_other_max","access_water_other_min","consume_bottled","access_water_daily","water_dist_continuity_jmp","improved_w_access_min","improved_w_access_max","access_water_piped_house_daily","access_water_piped_plot_daily","treat_water","water_meter","access_san_exclusive","access_sewer","access_septic","access_latrine_min","access_latrine_max","access_sewer_exclusive","access_septic_exclusive","access_latrine_exclusive_min","access_latrine_exclusive_max","improved_san_min__hh","improved_san_max","improved_san_min_exclusive","improved_san_max_exclusive","access_latrines_unimproved_min","access_latrines_unimproved_max","access_latrines_unimproved_exclusive_min","no_sanitation_access","name"
"CHL","country","1","all",18419192,2017,0.2,71924.7203438561,105964,365895.28786022,1487700,0.86,0.0241,0.022,0.906,0.924,0.885,0.0908,0.0503,0,NA,NA,0.935,0.975,NA,NA,NA,0.874,NA,0.789,0.119,0.081,0.081,NA,NA,NA,NA,0.989,0.989,NA,NA,0.0113,0.0113,NA,0.0102,"CHL_2017"
"CHL","country","2","all",18419192,2017,0.2,132753.598527131,160503.333333333,662138.976482015,1902315,0.903,0.0186,0.011,0.933,0.954,0.922,0.0637,0.0365,0,NA,NA,0.958,0.985,NA,NA,NA,0.917,NA,0.838,0.105,0.0495,0.0495,NA,NA,NA,NA,0.993,0.993,NA,NA,0.00681,0.00681,NA,0.00606,"CHL_2017"
"CHL","country","3","all",18419192,2017,0.2,193851.226249929,234533.4,896946.225647379,3006755,0.931,0.0141,0.00712,0.952,0.967,0.945,0.0477,0.0259,0,NA,NA,0.971,0.993,NA,NA,NA,0.94,NA,0.872,0.0881,0.0352,0.0352,NA,NA,NA,NA,0.995,0.995,NA,NA,0.00467,0.00467,NA,0.00414,"CHL_2017"
"CHL","country","4","all",18419192,2017,0.2,296554.853627828,387500,1290214.33214146,6101922,0.946,0.014,0.00518,0.965,0.978,0.96,0.0349,0.0205,0,NA,NA,0.98,0.994,NA,NA,NA,0.956,NA,0.905,0.0687,0.0228,0.0228,NA,NA,NA,NA,0.996,0.996,NA,NA,0.00363,0.00363,NA,0.00268,"CHL_2017"
"CHL","country","5","all",18419192,2017,0.2,841235.57101225,48898332,2955352.97275481,87050000,0.965,0.0122,0.00182,0.979,0.985,0.977,0.0197,0.00918,0,NA,NA,0.986,0.996,NA,NA,NA,0.975,NA,0.943,0.0439,0.0114,0.0114,NA,NA,NA,NA,0.998,0.998,NA,NA,0.00204,0.00204,NA,0.00145,"CHL_2017"
"CHL","country","total","all",18419192,2017,1,280299.847042411,48898332,1143514.30736059,87050000,0.921,0.0166,0.00942,0.947,0.962,0.937,0.0514,0.0285,0,NA,NA,0.966,0.989,NA,NA,NA,0.933,NA,0.869,0.085,0.04,0.04,NA,NA,NA,NA,0.994,0.994,NA,NA,0.00569,0.00569,NA,0.00491,"CHL_2017"
"CHL","country","1","female",18419192,2017,0.0889483289288238,69995.1028094388,105956,347784.807451815,1131091,0.893,0.0269,0.0178,0.938,0.95,0.92,0.0634,0.0392,0,NA,NA,0.959,0.983,NA,NA,NA,0.91,NA,0.847,0.0836,0.0577,0.0577,NA,NA,NA,NA,0.988,0.988,NA,NA,0.0117,0.0117,NA,0.0106,"CHL_2017"
"CHL","country","2","female",18419192,2017,0.078960224457488,132807.535398825,160503.333333333,644600.408100308,1902315,0.928,0.018,0.00836,0.955,0.969,0.946,0.0445,0.0264,0,NA,NA,0.973,0.991,NA,NA,NA,0.942,NA,0.88,0.0759,0.0378,0.0378,NA,NA,NA,NA,0.994,0.994,NA,NA,0.00631,0.00631,NA,0.00562,"CHL_2017"
"CHL","country","3","female",18419192,2017,0.0750511063023912,192758.533944955,234508,859423.318031459,2305000,0.944,0.0128,0.0049,0.962,0.976,0.957,0.0371,0.0207,0,NA,NA,0.978,0.994,NA,NA,NA,0.953,NA,0.904,0.0657,0.0277,0.0277,NA,NA,NA,NA,0.997,0.997,NA,NA,0.00285,0.00285,NA,0.00274,"CHL_2017"
"CHL","country","4","female",18419192,2017,0.0671016585642004,293800.437972447,387500,1177178.27140131,4185554,0.956,0.0133,0.00329,0.973,0.985,0.969,0.0269,0.0169,0,NA,NA,0.986,0.996,NA,NA,NA,0.967,NA,0.924,0.0529,0.0186,0.0186,NA,NA,NA,NA,0.996,0.996,NA,NA,0.00424,0.00424,NA,0.00267,"CHL_2017"
"CHL","country","5","female",18419192,2017,0.058820023614423,806469.779834754,22029164,2628440.70868981,79767502,0.971,0.0133,0.00219,0.987,0.99,0.984,0.0127,0.00632,0,NA,NA,0.991,0.997,NA,NA,NA,0.983,NA,0.959,0.0306,0.00923,0.00923,NA,NA,NA,NA,0.999,0.999,NA,NA,0.00126,0.00126,NA,0.000735,"CHL_2017"
"CHL","country","total","female",18419192,2017,0.374061167937042,243658.253998827,22029164,958925.367433197,79767502,0.935,0.0174,0.00793,0.961,0.972,0.953,0.039,0.0232,0,NA,NA,0.976,0.992,NA,NA,NA,0.948,NA,0.898,0.064,0.0322,0.0322,NA,NA,NA,NA,0.994,0.994,NA,NA,0.00567,0.00567,NA,0.00486,"CHL_2017"
"CHL","country","1","male",18419192,2017,0.111051671071176,73470.2734499247,105964,380401.120621561,1487700,0.832,0.0217,0.0256,0.879,0.902,0.854,0.115,0.0599,0,NA,NA,0.914,0.968,NA,NA,NA,0.843,NA,0.739,0.149,0.101,0.101,NA,NA,NA,NA,0.989,0.989,NA,NA,0.0109,0.0109,NA,0.0099,"CHL_2017"
"CHL","country","2","male",18419192,2017,0.121039775542512,132718.412841464,160500,673580.25097113,1840635,0.885,0.019,0.0128,0.917,0.942,0.904,0.0775,0.0438,0,NA,NA,0.948,0.981,NA,NA,NA,0.898,NA,0.808,0.126,0.0579,0.0579,NA,NA,NA,NA,0.993,0.993,NA,NA,0.00717,0.00717,NA,0.00637,"CHL_2017"
"CHL","country","3","male",18419192,2017,0.124948893697609,194507.556721608,234533.4,919484.526267091,3006755,0.922,0.0151,0.0086,0.945,0.962,0.937,0.0548,0.0294,0,NA,NA,0.966,0.991,NA,NA,NA,0.932,NA,0.851,0.103,0.0401,0.0401,NA,NA,NA,NA,0.994,0.994,NA,NA,0.00588,0.00588,NA,0.00508,"CHL_2017"
"CHL","country","4","male",18419192,2017,0.1328983414358,297945.58474497,387500,1347287.33298769,6101922,0.94,0.0144,0.00627,0.96,0.975,0.954,0.0395,0.0226,0,NA,NA,0.977,0.993,NA,NA,NA,0.951,NA,0.894,0.0777,0.0253,0.0253,NA,NA,NA,NA,0.997,0.997,NA,NA,0.00328,0.00328,NA,0.00268,"CHL_2017"
"CHL","country","5","male",18419192,2017,0.141179976385577,855720.094316388,48898332,3091554.91572462,87050000,0.962,0.0116,0.00164,0.975,0.983,0.973,0.0229,0.0105,0,NA,NA,0.984,0.996,NA,NA,NA,0.972,NA,0.935,0.0502,0.0124,0.0124,NA,NA,NA,NA,0.998,0.998,NA,NA,0.00241,0.00241,NA,0.0018,"CHL_2017"
"CHL","country","total","male",18419192,2017,0.625938832062958,302196.870180892,48898332,1253824.69380832,87050000,0.911,0.0161,0.0104,0.938,0.955,0.928,0.0594,0.0319,0,NA,NA,0.959,0.987,NA,NA,NA,0.923,NA,0.851,0.0986,0.045,0.045,NA,NA,NA,NA,0.994,0.994,NA,NA,0.0057,0.0057,NA,0.00494,"CHL_2017"
"CHL","rural","1","all",18419192,2017,0.0400178887279359,69996.8782726196,105919.333333333,334815.913399307,995311,0.449,0.0223,0.0985,0.57,0.652,0.471,0.416,0.227,0,NA,NA,0.698,0.887,NA,NA,NA,0.461,NA,0.143,0.495,0.334,0.334,NA,NA,NA,NA,0.972,0.972,NA,NA,0.0277,0.0277,NA,0.0241,"CHL_2017"
"CHL","rural","2","all",18419192,2017,0.0302907680670607,131614.470669814,160405,613833.515627056,1840635,0.521,0.022,0.0651,0.608,0.725,0.543,0.371,0.209,0,NA,NA,0.752,0.914,NA,NA,NA,0.531,NA,0.173,0.542,0.264,0.264,NA,NA,NA,NA,0.979,0.979,NA,NA,0.0213,0.0213,NA,0.0182,"CHL_2017"
"CHL","rural","3","all",18419192,2017,0.0225272762837551,192784.353446994,234526,823374.435043412,2030664,0.561,0.0133,0.0542,0.629,0.75,0.575,0.369,0.197,0,NA,NA,0.772,0.944,NA,NA,NA,0.566,NA,0.166,0.593,0.224,0.224,NA,NA,NA,NA,0.984,0.984,NA,NA,0.0163,0.0163,NA,0.0134,"CHL_2017"
"CHL","rural","4","all",18419192,2017,0.0164335920825456,293786.111048562,387500,1185082.11098872,3245946,0.567,0.0128,0.0537,0.634,0.774,0.58,0.361,0.209,0,NA,NA,0.789,0.941,NA,NA,NA,0.567,NA,0.168,0.633,0.18,0.18,NA,NA,NA,NA,0.981,0.981,NA,NA,0.0193,0.0193,NA,0.0128,"CHL_2017"
"CHL","rural","5","all",18419192,2017,0.0108910123478194,907284.253205438,21762500,3265749.21645332,87050000,0.599,0.00558,0.0316,0.636,0.75,0.604,0.337,0.157,0,NA,NA,0.761,0.941,NA,NA,NA,0.592,NA,0.276,0.587,0.119,0.119,NA,NA,NA,NA,0.982,0.982,NA,NA,0.0177,0.0177,NA,0.0143,"CHL_2017"
"CHL","rural","total","all",18419192,2017,0.125218321584449,196918.299407855,21762500,814719.710492769,87050000,0.518,0.0177,0.0695,0.605,0.715,0.536,0.381,0.208,0,NA,NA,0.744,0.917,NA,NA,NA,0.525,NA,0.17,0.553,0.255,0.255,NA,NA,NA,NA,0.978,0.978,NA,NA,0.0219,0.0219,NA,0.0181,"CHL_2017"
"CHL","rural","1","female",18419192,2017,0.0119024490722945,68262.2641122664,105919.333333333,328681.604726945,995311,0.462,0.0183,0.11,0.591,0.674,0.481,0.415,0.25,0,NA,NA,0.731,0.895,NA,NA,NA,0.472,NA,0.153,0.481,0.33,0.33,NA,NA,NA,NA,0.964,0.964,NA,NA,0.0357,0.0357,NA,0.0319,"CHL_2017"
"CHL","rural","2","female",18419192,2017,0.00812233623001,132698.451962012,160363.666666667,599203.981748025,1576325,0.545,0.0187,0.0732,0.637,0.741,0.564,0.363,0.208,0,NA,NA,0.772,0.927,NA,NA,NA,0.551,NA,0.188,0.521,0.276,0.276,NA,NA,NA,NA,0.985,0.985,NA,NA,0.0154,0.0154,NA,0.0133,"CHL_2017"
"CHL","rural","3","female",18419192,2017,0.00633088447632085,191921.917385651,234488,814367.612581209,2030664,0.551,0.0137,0.0453,0.61,0.752,0.565,0.372,0.201,0,NA,NA,0.766,0.937,NA,NA,NA,0.557,NA,0.183,0.579,0.228,0.228,NA,NA,NA,NA,0.99,0.99,NA,NA,0.00967,0.00967,NA,0.00847,"CHL_2017"
"CHL","rural","4","female",18419192,2017,0.0045412141453094,294744.841774972,387250,1215960.16257514,3245946,0.58,0.00942,0.0448,0.635,0.8,0.59,0.358,0.228,0,NA,NA,0.818,0.948,NA,NA,NA,0.572,NA,0.172,0.622,0.175,0.175,NA,NA,NA,NA,0.97,0.97,NA,NA,0.0304,0.0304,NA,0.0167,"CHL_2017"
"CHL","rural","5","female",18419192,2017,0.00227843687833688,792078.384181907,5209167,2635512.25532224,1e+07,0.616,0.0101,0.0542,0.68,0.765,0.626,0.311,0.157,0,NA,NA,0.783,0.937,NA,NA,NA,0.617,NA,0.362,0.511,0.116,0.116,NA,NA,NA,NA,0.989,0.989,NA,NA,0.0105,0.0105,NA,0.00595,"CHL_2017"
"CHL","rural","total","female",18419192,2017,0.0347834867533031,174844.710402722,5209167,722250.990219901,1e+07,0.526,0.0158,0.076,0.618,0.729,0.542,0.379,0.221,0,NA,NA,0.763,0.921,NA,NA,NA,0.531,NA,0.184,0.531,0.262,0.262,NA,NA,NA,NA,0.977,0.977,NA,NA,0.0231,0.0231,NA,0.0189,"CHL_2017"
"CHL","rural","1","male",18419192,2017,0.0281154396556413,70731.2134619874,105883.75,337412.824472397,850155,0.443,0.0241,0.0931,0.56,0.642,0.467,0.416,0.217,0,NA,NA,0.684,0.883,NA,NA,NA,0.456,NA,0.138,0.501,0.336,0.336,NA,NA,NA,NA,0.976,0.976,NA,NA,0.0241,0.0241,NA,0.0206,"CHL_2017"
"CHL","rural","2","male",18419192,2017,0.0221684318370507,131217.308588752,160405,619193.659904615,1840635,0.511,0.0233,0.0618,0.596,0.719,0.534,0.375,0.21,0,NA,NA,0.744,0.909,NA,NA,NA,0.523,NA,0.167,0.55,0.259,0.259,NA,NA,NA,NA,0.976,0.976,NA,NA,0.0237,0.0237,NA,0.0201,"CHL_2017"
"CHL","rural","3","male",18419192,2017,0.0161963918074343,193121.464523182,234526,826895.043410071,1894646,0.566,0.0132,0.0579,0.637,0.749,0.579,0.368,0.195,0,NA,NA,0.774,0.947,NA,NA,NA,0.569,NA,0.159,0.599,0.223,0.223,NA,NA,NA,NA,0.981,0.981,NA,NA,0.0191,0.0191,NA,0.0155,"CHL_2017"
"CHL","rural","4","male",18419192,2017,0.0118923779372362,293420.010882616,387500,1173291.04234089,2988328,0.562,0.0141,0.0571,0.633,0.764,0.576,0.363,0.202,0,NA,NA,0.778,0.939,NA,NA,NA,0.565,NA,0.167,0.636,0.182,0.182,NA,NA,NA,NA,0.985,0.985,NA,NA,0.0152,0.0152,NA,0.0113,"CHL_2017"
"CHL","rural","5","male",18419192,2017,0.00861257546948251,937761.698832958,21762500,3432476.94376557,87050000,0.594,0.00433,0.0253,0.623,0.746,0.598,0.344,0.157,0,NA,NA,0.755,0.942,NA,NA,NA,0.585,NA,0.252,0.608,0.12,0.12,NA,NA,NA,NA,0.98,0.98,NA,NA,0.0198,0.0198,NA,0.0166,"CHL_2017"
"CHL","rural","total","male",18419192,2017,0.0904348348311461,205408.350749149,21762500,850285.480173352,87050000,0.515,0.0185,0.0668,0.6,0.709,0.533,0.382,0.203,0,NA,NA,0.737,0.915,NA,NA,NA,0.523,NA,0.164,0.562,0.252,0.252,NA,NA,NA,NA,0.979,0.979,NA,NA,0.0214,0.0214,NA,0.0178,"CHL_2017"
"CHL","urban","1","all",18419192,2017,0.159982111272064,72406.9503186848,105964,373669.475480458,1487700,0.968,0.0246,0.002,0.995,0.995,0.993,0.00587,0.00407,0,NA,NA,0.997,0.998,NA,NA,NA,0.982,NA,0.958,0.0205,0.0148,0.0148,NA,NA,NA,NA,0.993,0.993,NA,NA,0.00698,0.00698,NA,0.00659,"CHL_2017"
"CHL","urban","2","all",18419192,2017,0.169709231932939,132956.917211282,160503.333333333,670760.838088862,1902315,0.977,0.0179,0.000446,0.996,0.998,0.995,0.00393,0.00294,0,NA,NA,0.998,0.999,NA,NA,NA,0.991,NA,0.968,0.0205,0.0078,0.0078,NA,NA,NA,NA,0.996,0.996,NA,NA,0.004,0.004,NA,0.0037,"CHL_2017"
"CHL","urban","3","all",18419192,2017,0.177472723716245,193986.648403193,234533.4,906284.968068868,3006755,0.982,0.0143,0.000629,0.996,0.998,0.996,0.00334,0.00229,0,NA,NA,0.998,0.999,NA,NA,NA,0.992,NA,0.969,0.0185,0.0091,0.0091,NA,NA,NA,NA,0.997,0.997,NA,NA,0.00307,0.00307,NA,0.00287,"CHL_2017"
"CHL","urban","4","all",18419192,2017,0.183566407917454,296802.722432614,387500,1299626.18508753,6101922,0.982,0.0141,0.000487,0.997,0.998,0.996,0.00329,0.0023,0,NA,NA,0.999,1,NA,NA,NA,0.994,NA,0.976,0.0141,0.00763,0.00763,NA,NA,NA,NA,0.998,0.998,NA,NA,0.00211,0.00211,NA,0.0017,"CHL_2017"
"CHL","urban","5","all",18419192,2017,0.189108987652181,837431.748559104,48898332,2937476.88254457,79767502,0.986,0.0125,0.000106,0.998,0.999,0.998,0.0014,0.000665,0,NA,NA,0.999,1,NA,NA,NA,0.997,NA,0.981,0.0126,0.00514,0.00514,NA,NA,NA,NA,0.999,0.999,NA,NA,0.00113,0.00113,NA,0.000714,"CHL_2017"
"CHL","urban","total","all",18419192,2017,0.874781678415551,292235.279280571,48898332,1190578.74478731,79767502,0.979,0.0164,0.000699,0.996,0.998,0.996,0.00348,0.00239,0,NA,NA,0.998,0.999,NA,NA,NA,0.992,NA,0.971,0.0171,0.00872,0.00872,NA,NA,NA,NA,0.997,0.997,NA,NA,0.00334,0.00334,NA,0.00299,"CHL_2017"
"CHL","urban","1","female",18419192,2017,0.0770458798565293,70262.8007626844,105956,350735.969771901,1131091,0.963,0.0283,0.00278,0.994,0.994,0.991,0.00641,0.00502,0,NA,NA,0.996,0.998,NA,NA,NA,0.981,NA,0.959,0.0192,0.0136,0.0136,NA,NA,NA,NA,0.992,0.992,NA,NA,0.0078,0.0078,NA,0.00714,"CHL_2017"
"CHL","urban","2","female",18419192,2017,0.070837888227478,132820.043004191,160503.333333333,649805.603338343,1902315,0.977,0.0179,0.000218,0.995,0.998,0.995,0.0045,0.00364,0,NA,NA,0.998,0.999,NA,NA,NA,0.991,NA,0.967,0.0201,0.0079,0.0079,NA,NA,NA,NA,0.995,0.995,NA,NA,0.00518,0.00518,NA,0.00465,"CHL_2017"
"CHL","urban","3","female",18419192,2017,0.0687202218260703,192835.607659899,234508,863574.097214428,2305000,0.983,0.0127,0.000934,0.997,0.998,0.996,0.0042,0.00298,0,NA,NA,0.999,1,NA,NA,NA,0.992,NA,0.974,0.0154,0.00807,0.00807,NA,NA,NA,NA,0.998,0.998,NA,NA,0.00218,0.00218,NA,0.00218,"CHL_2017"
"CHL","urban","4","female",18419192,2017,0.062560444418891,293731.884432799,387500,1174363.12399601,4185554,0.983,0.0136,0.000358,0.996,0.998,0.996,0.00351,0.00202,0,NA,NA,0.998,1,NA,NA,NA,0.995,NA,0.977,0.0127,0.00756,0.00756,NA,NA,NA,NA,0.998,0.998,NA,NA,0.0024,0.0024,NA,0.00168,"CHL_2017"
"CHL","urban","5","female",18419192,2017,0.0565415867360861,807049.704956757,22029164,2628155.74900678,79767502,0.985,0.0134,0.000211,0.998,0.999,0.998,0.0014,0.000589,0,NA,NA,0.999,0.999,NA,NA,NA,0.997,NA,0.982,0.0123,0.00516,0.00516,NA,NA,NA,NA,0.999,0.999,NA,NA,0.000904,0.000904,NA,0.000537,"CHL_2017"
"CHL","urban","total","female",18419192,2017,0.339277681183739,250713.168350315,22029164,983189.740014152,79767502,0.977,0.0176,0.000962,0.996,0.997,0.995,0.00414,0.00298,0,NA,NA,0.998,0.999,NA,NA,NA,0.991,NA,0.971,0.0162,0.00867,0.00867,NA,NA,NA,NA,0.996,0.996,NA,NA,0.00388,0.00388,NA,0.00342,"CHL_2017"
"CHL","urban","1","male",18419192,2017,0.0829362314155349,74398.816675119,105964,394974.182667569,1487700,0.973,0.0208,0.0012,0.995,0.996,0.994,0.00532,0.0031,0,NA,NA,0.997,0.999,NA,NA,NA,0.984,NA,0.956,0.0218,0.016,0.016,NA,NA,NA,NA,0.994,0.994,NA,NA,0.00616,0.00616,NA,0.00603,"CHL_2017"
"CHL","urban","2","male",18419192,2017,0.0988713437054612,133054.982832924,160500,685774.536916097,1675000,0.978,0.0179,0.000629,0.997,0.998,0.996,0.00347,0.00238,0,NA,NA,0.998,1,NA,NA,NA,0.992,NA,0.968,0.0209,0.00771,0.00771,NA,NA,NA,NA,0.997,0.997,NA,NA,0.00306,0.00306,NA,0.00294,"CHL_2017"
"CHL","urban","3","male",18419192,2017,0.108752501890175,194713.985924953,234533.4,933273.777231767,3006755,0.981,0.0154,0.000413,0.996,0.997,0.996,0.00273,0.0018,0,NA,NA,0.998,0.999,NA,NA,NA,0.992,NA,0.966,0.0207,0.00982,0.00982,NA,NA,NA,NA,0.996,0.996,NA,NA,0.00369,0.00369,NA,0.00335,"CHL_2017"
"CHL","urban","4","male",18419192,2017,0.121005963498563,298390.354847186,387500,1364387.56167248,6101922,0.982,0.0145,0.000562,0.997,0.998,0.996,0.00316,0.00246,0,NA,NA,0.999,1,NA,NA,NA,0.994,NA,0.975,0.015,0.00768,0.00768,NA,NA,NA,NA,0.998,0.998,NA,NA,0.00194,0.00194,NA,0.00171,"CHL_2017"
"CHL","urban","5","male",18419192,2017,0.132567400916095,850390.054610898,48898332,3069406.05653736,74949922,0.986,0.0121,5.53e-05,0.998,0.999,0.998,0.0014,0.000702,0,NA,NA,0.999,1,NA,NA,NA,0.997,NA,0.981,0.0127,0.00513,0.00513,NA,NA,NA,NA,0.999,0.999,NA,NA,0.00124,0.00124,NA,0.000801,"CHL_2017"
"CHL","urban","total","male",18419192,2017,0.535503997231812,318542.320100236,48898332,1321973.58218565,74949922,0.981,0.0157,0.000518,0.997,0.998,0.996,0.00303,0.00198,0,NA,NA,0.998,0.999,NA,NA,NA,0.992,NA,0.971,0.0177,0.00875,0.00875,NA,NA,NA,NA,0.997,0.997,NA,NA,0.00296,0.00296,NA,0.0027,"CHL_2017"
