"iso","scope","quintile","gender","population","population_perc","year_survey","ave_income_pc","max_income_pc","ave_hh_income","max_hh_income","access_water_piped_house","access_water_piped_plot","water_trucked","water_on_premises","water_distr","consume_distr","access_water_other_max","access_water_other_min","consume_bottled","access_water_daily","water_dist_continuity_jmp","improved_w_access_min","improved_w_access_max","access_water_piped_house_daily","access_water_piped_plot_daily","treat_water","water_meter","access_san_exclusive","access_sewer","access_septic","access_latrine_min","access_latrine_max","access_sewer_exclusive","access_septic_exclusive","access_latrine_exclusive_min","access_latrine_exclusive_max","improved_san_min__hh","improved_san_max","improved_san_min_exclusive","improved_san_max_exclusive","access_latrines_unimproved_min","access_latrines_unimproved_max","access_latrines_unimproved_exclusive_min","no_sanitation_access","name"
"COL","country","1","all",50372424,0.2,2020,100935.872039732,167377.083333333,580896.833330706,2451695.1875,NA,0.792,0.0281,0.82,0.771,0.728,0.154,0.081,0.0222,0.454,NA,0.809,0.882,NA,0.45,NA,NA,0.843,0.518,0.311,0,0.0659,0.48,0.298,0,0.0602,0.829,0.895,0.779,0.839,0.105,0.171,0.161,0.0993,"COL_2020"
"COL","country","2","all",50372424,0.2,2020,226524.102809501,291374.16875,1291213.96794773,3900633.34375,NA,0.868,0.0256,0.893,0.857,0.817,0.102,0.0602,0.0187,0.576,NA,0.878,0.919,NA,0.566,NA,NA,0.91,0.655,0.246,0,0.0538,0.624,0.234,0,0.0492,0.901,0.955,0.858,0.907,0.0448,0.0986,0.0928,0.0414,"COL_2020"
"COL","country","3","all",50372424,0.2,2020,369884.880686867,466666.665625,1848168.28281041,5240000,NA,0.914,0.0162,0.93,0.899,0.875,0.0723,0.0452,0.0192,0.683,NA,0.92,0.947,NA,0.68,NA,NA,0.943,0.755,0.189,0,0.0363,0.723,0.181,0,0.0345,0.944,0.981,0.904,0.939,0.0195,0.0558,0.0612,0.0156,"COL_2020"
"COL","country","4","all",50372424,0.2,2020,612325.417299677,818245.83203125,2713103.28602958,10925000,NA,0.945,0.00841,0.954,0.944,0.926,0.0454,0.029,0.015,0.779,NA,0.955,0.971,NA,0.775,NA,NA,0.962,0.865,0.105,0,0.0218,0.84,0.099,0,0.0216,0.97,0.991,0.939,0.96,0.00856,0.0303,0.0396,0.00682,"COL_2020"
"COL","country","5","all",50372424,0.2,2020,1761702.51857081,30208334,5949464.75918239,7.3e+07,NA,0.966,0.00272,0.969,0.977,0.958,0.0308,0.0229,0.0162,0.867,NA,0.981,0.989,NA,0.861,NA,NA,0.976,0.935,0.0548,0,0.00822,0.915,0.0526,0,0.00816,0.99,0.998,0.967,0.976,0.0021,0.0103,0.0245,0.00151,"COL_2020"
"COL","country","total","all",50372424,1,2020,533497.482495142,30208334,2219558.30470906,7.3e+07,NA,0.897,0.0162,0.913,0.89,0.861,0.0809,0.0476,0.0183,0.672,NA,0.908,0.942,NA,0.667,NA,NA,0.927,0.746,0.181,0,0.0372,0.716,0.173,0,0.0347,0.927,0.964,0.889,0.924,0.0359,0.0731,0.0758,0.0329,"COL_2020"
"COL","country","1","female",50372424,0.0830437000665384,2020,98473.7624387984,167289.5859375,569630.381570071,2451695.1875,NA,0.835,0.0283,0.863,0.844,0.797,0.141,0.0737,0.0209,0.516,NA,0.87,0.938,NA,0.51,NA,NA,0.857,0.631,0.231,0,0.0568,0.58,0.222,0,0.0503,0.862,0.919,0.802,0.852,0.081,0.138,0.148,0.074,"COL_2020"
"COL","country","2","female",50372424,0.0700446633134249,2020,226439.410659745,291374.16875,1327733.82552066,3697133.34375,NA,0.904,0.0211,0.925,0.907,0.87,0.0803,0.0581,0.0186,0.612,NA,0.928,0.95,NA,0.604,NA,NA,0.921,0.752,0.167,0,0.0424,0.72,0.16,0,0.0346,0.919,0.962,0.88,0.915,0.0383,0.0807,0.0852,0.0322,"COL_2020"
"COL","country","3","female",50372424,0.074723115806703,2020,371423.67478872,466666.665625,1934443.75105495,5094925,NA,0.931,0.0122,0.944,0.942,0.919,0.0602,0.0402,0.0202,0.719,NA,0.96,0.98,NA,0.718,NA,NA,0.947,0.837,0.126,0,0.0233,0.802,0.119,0,0.0205,0.963,0.986,0.921,0.942,0.014,0.0373,0.0583,0.00864,"COL_2020"
"COL","country","4","female",50372424,0.0777955388933933,2020,608160.106828392,818093.6875,2754088.09509852,10288329.75,NA,0.958,0.00969,0.967,0.965,0.947,0.0372,0.03,0.0157,0.807,NA,0.977,0.984,NA,0.802,NA,NA,0.971,0.907,0.0687,0,0.0201,0.882,0.0676,0,0.0201,0.976,0.996,0.95,0.97,0.00425,0.0244,0.0298,0.00304,"COL_2020"
"COL","country","5","female",50372424,0.0693540964631398,2020,1720665.15156821,21666668,5710342.65915225,44539863,NA,0.974,0.00327,0.977,0.987,0.971,0.0248,0.0218,0.0131,0.88,NA,0.993,0.996,NA,0.873,NA,NA,0.985,0.947,0.0438,0,0.00759,0.933,0.043,0,0.00756,0.991,0.999,0.976,0.984,0.00149,0.00907,0.0163,4.51e-05,"COL_2020"
"COL","country","total","female",50372424,0.376394844169606,2020,507378.757235466,21666668,2151611.42240321,44539863,NA,0.918,0.0153,0.933,0.927,0.898,0.0708,0.0455,0.0178,0.702,NA,0.944,0.969,NA,0.697,NA,NA,0.934,0.81,0.13,0,0.0308,0.778,0.125,0,0.0273,0.94,0.971,0.903,0.93,0.0292,0.06,0.0696,0.0249,"COL_2020"
"COL","country","1","male",50372424,0.116956299933462,2020,102684.069369394,167377.083333333,588896.469445705,2251250,NA,0.76,0.0281,0.788,0.717,0.677,0.163,0.0863,0.0233,0.408,NA,0.764,0.841,NA,0.406,NA,NA,0.833,0.435,0.37,0,0.0726,0.407,0.355,0,0.0675,0.805,0.878,0.762,0.829,0.122,0.195,0.171,0.118,"COL_2020"
"COL","country","2","male",50372424,0.129955336686575,2020,226569.751055015,291352.072265625,1271530.11968747,3900633.34375,NA,0.848,0.0281,0.876,0.83,0.789,0.114,0.0613,0.0188,0.556,NA,0.85,0.902,NA,0.545,NA,NA,0.905,0.602,0.289,0,0.0601,0.571,0.275,0,0.0572,0.892,0.952,0.846,0.903,0.0483,0.108,0.097,0.0465,"COL_2020"
"COL","country","3","male",50372424,0.125276884193297,2020,368967.045839554,466666.6640625,1796708.09646855,5240000,NA,0.903,0.0186,0.922,0.874,0.849,0.0794,0.048,0.0186,0.662,NA,0.897,0.929,NA,0.658,NA,NA,0.94,0.707,0.226,0,0.0439,0.677,0.217,0,0.0427,0.933,0.977,0.894,0.937,0.0227,0.0666,0.0628,0.0196,"COL_2020"
"COL","country","4","male",50372424,0.122204461106607,2020,614977.060045266,818245.83203125,2687012.29655924,10925000,NA,0.938,0.00761,0.945,0.931,0.912,0.0505,0.0283,0.0146,0.761,NA,0.94,0.962,NA,0.758,NA,NA,0.956,0.839,0.127,0,0.0228,0.813,0.119,0,0.0225,0.966,0.989,0.932,0.954,0.0113,0.034,0.0457,0.00921,"COL_2020"
"COL","country","5","male",50372424,0.13064590353686,2020,1783487.43055536,30208334,6076404.04118812,7.3e+07,NA,0.961,0.00241,0.964,0.972,0.95,0.0341,0.0235,0.018,0.86,NA,0.974,0.985,NA,0.854,NA,NA,0.971,0.928,0.0609,0,0.00858,0.904,0.058,0,0.00849,0.989,0.998,0.962,0.971,0.00244,0.011,0.0291,0.00233,"COL_2020"
"COL","country","total","male",50372424,0.623605155830394,2020,549262.191032444,30208334,2260569.60158211,7.3e+07,NA,0.884,0.0168,0.901,0.867,0.838,0.087,0.0489,0.0186,0.653,NA,0.887,0.925,NA,0.648,NA,NA,0.922,0.707,0.212,0,0.0411,0.679,0.202,0,0.0393,0.919,0.96,0.881,0.92,0.04,0.0811,0.0796,0.0378,"COL_2020"
"COL","rural","1","all",50372424,0.0852283522285622,2020,99799.9328141336,167377.083333333,552231.603832807,1730229.1796875,NA,0.63,0.0269,0.657,0.532,0.497,0.246,0.0946,0.0141,0.255,NA,0.591,0.742,NA,0.25,NA,NA,0.753,0.0745,0.599,0,0.109,0.0713,0.576,0,0.103,0.673,0.782,0.647,0.75,0.218,0.327,0.25,0.213,"COL_2020"
"COL","rural","2","all",50372424,0.0555116162802299,2020,222050.413860349,291352.072265625,1180004.09634803,3172745.84375,NA,0.703,0.0274,0.73,0.607,0.552,0.197,0.0717,0.0121,0.331,NA,0.623,0.749,NA,0.304,NA,NA,0.848,0.113,0.641,0,0.124,0.106,0.619,0,0.122,0.754,0.878,0.725,0.847,0.122,0.246,0.153,0.121,"COL_2020"
"COL","rural","3","all",50372424,0.0398756485284975,2020,366161.174198641,466591.671875,1699487.72381401,4067952.625,NA,0.742,0.0322,0.774,0.602,0.578,0.195,0.0765,0.0142,0.386,NA,0.654,0.773,NA,0.384,NA,NA,0.895,0.128,0.679,0,0.127,0.12,0.648,0,0.121,0.807,0.933,0.769,0.89,0.0666,0.193,0.11,0.0617,"COL_2020"
"COL","rural","4","all",50372424,0.0219934010018122,2020,589582.624003728,817777.78125,2342669.28913518,5070918,NA,0.749,0.0223,0.771,0.636,0.609,0.18,0.0763,0.0243,0.442,NA,0.686,0.79,NA,0.43,NA,NA,0.909,0.206,0.627,0,0.115,0.202,0.59,0,0.114,0.833,0.948,0.792,0.905,0.0523,0.167,0.0949,0.0481,"COL_2020"
"COL","rural","5","all",50372424,0.01029564345399,2020,1424747.6545148,1.5e+07,4332945.1220974,28808512.5,NA,0.777,0.0126,0.789,0.714,0.671,0.17,0.0593,0.0152,0.5,NA,0.73,0.841,NA,0.5,NA,NA,0.922,0.27,0.642,0,0.0587,0.252,0.608,0,0.0579,0.912,0.971,0.86,0.918,0.0295,0.0882,0.0822,0.0228,"COL_2020"
"COL","rural","total","all",50372424,0.2296347004932,2020,270016.22585025,1.5e+07,1219281.63130088,28808512.5,NA,0.692,0.0268,0.719,0.587,0.549,0.212,0.0811,0.0148,0.334,NA,0.63,0.761,NA,0.323,NA,NA,0.832,0.12,0.631,0,0.114,0.114,0.604,0,0.11,0.751,0.865,0.719,0.829,0.135,0.249,0.171,0.131,"COL_2020"
"COL","rural","1","female",50372424,0.023614759925772,2020,97115.2216941546,166968.75,529390.199667469,1426829.1640625,NA,0.613,0.0426,0.655,0.559,0.514,0.305,0.0988,0.00693,0.279,NA,0.612,0.819,NA,0.267,NA,NA,0.738,0.0966,0.564,0,0.103,0.0906,0.545,0,0.0996,0.661,0.764,0.636,0.735,0.236,0.339,0.265,0.229,"COL_2020"
"COL","rural","2","female",50372424,0.0130525787393603,2020,226635.430340644,290833.34375,1385190.79677204,3172745.84375,NA,0.734,0.0226,0.756,0.68,0.61,0.191,0.0923,0.00994,0.346,NA,0.703,0.802,NA,0.319,NA,NA,0.842,0.193,0.588,0,0.0919,0.188,0.564,0,0.088,0.781,0.873,0.753,0.841,0.127,0.219,0.159,0.126,"COL_2020"
"COL","rural","3","female",50372424,0.00840577975659716,2020,370242.022553065,465488.890625,1647747.30430131,3562460,NA,0.732,0.0122,0.744,0.712,0.671,0.203,0.0767,0.0236,0.439,NA,0.748,0.874,NA,0.439,NA,NA,0.9,0.208,0.638,0,0.108,0.206,0.597,0,0.0957,0.846,0.954,0.802,0.898,0.0463,0.154,0.102,0.0443,"COL_2020"
"COL","rural","4","female",50372424,0.00631368052661187,2020,605229.802219624,813333.333007812,2549619.83147814,5070918,NA,0.804,0.0333,0.837,0.743,0.704,0.144,0.092,0.0329,0.495,NA,0.796,0.848,NA,0.463,NA,NA,0.96,0.306,0.525,0,0.139,0.306,0.516,0,0.139,0.831,0.97,0.822,0.96,0.0301,0.169,0.0395,0.0301,"COL_2020"
"COL","rural","5","female",50372424,0.00306959220198985,2020,1306479.47283995,5181502.5,4525306.12477223,12803733,NA,0.803,0.016,0.819,0.831,0.775,0.175,0.108,0.0103,0.55,NA,0.884,0.95,NA,0.55,NA,NA,0.967,0.252,0.639,0,0.0829,0.247,0.622,0,0.0829,0.891,0.974,0.869,0.952,0.0262,0.109,0.0477,0.000994,"COL_2020"
"COL","rural","total","female",50372424,0.0586129810640889,2020,269555.487751512,5181502.5,1274869.7218072,12803733,NA,0.694,0.0303,0.725,0.65,0.6,0.235,0.0934,0.0136,0.362,NA,0.693,0.835,NA,0.347,NA,NA,0.828,0.171,0.582,0,0.104,0.167,0.559,0,0.0999,0.753,0.857,0.726,0.826,0.143,0.247,0.174,0.138,"COL_2020"
"COL","rural","1","male",50372424,0.0616135923027902,2020,100828.907204343,167377.083333333,560986.072701969,1730229.1796875,NA,0.636,0.0206,0.657,0.521,0.49,0.221,0.0929,0.017,0.244,NA,0.583,0.711,NA,0.243,NA,NA,0.758,0.0655,0.613,0,0.111,0.0635,0.588,0,0.104,0.678,0.79,0.651,0.756,0.21,0.322,0.244,0.207,"COL_2020"
"COL","rural","2","male",50372424,0.0424590375408696,2020,220640.90737842,291352.072265625,1116926.46391287,2611116.71875,NA,0.694,0.0289,0.723,0.586,0.534,0.199,0.0656,0.0128,0.327,NA,0.6,0.733,NA,0.299,NA,NA,0.85,0.0891,0.657,0,0.134,0.0813,0.636,0,0.132,0.746,0.88,0.717,0.849,0.12,0.254,0.151,0.12,"COL_2020"
"COL","rural","3","male",50372424,0.0314698687719004,2020,365071.156546009,466591.671875,1713307.88220393,4067952.625,NA,0.745,0.0379,0.783,0.572,0.552,0.193,0.0765,0.0115,0.371,NA,0.628,0.744,NA,0.368,NA,NA,0.894,0.105,0.69,0,0.132,0.0965,0.663,0,0.129,0.796,0.928,0.759,0.888,0.0723,0.204,0.112,0.0665,"COL_2020"
"COL","rural","4","male",50372424,0.0156797204752003,2020,583282.047118165,817777.78125,2259337.47137548,4710858.25,NA,0.729,0.0182,0.747,0.597,0.574,0.194,0.0704,0.0211,0.423,NA,0.645,0.768,NA,0.418,NA,NA,0.89,0.169,0.665,0,0.106,0.163,0.617,0,0.104,0.833,0.939,0.78,0.884,0.0605,0.167,0.116,0.0548,"COL_2020"
"COL","rural","5","male",50372424,0.00722605125200016,2020,1474987.41556163,1.5e+07,4251231.08310354,28808512.5,NA,0.768,0.0113,0.779,0.672,0.634,0.169,0.0417,0.0169,0.482,NA,0.675,0.802,NA,0.482,NA,NA,0.905,0.276,0.643,0,0.05,0.253,0.603,0,0.049,0.919,0.969,0.856,0.905,0.0306,0.0807,0.0946,0.0306,"COL_2020"
"COL","rural","total","male",50372424,0.171021719429111,2020,270174.131135888,1.5e+07,1200230.3452589,28808512.5,NA,0.691,0.0256,0.717,0.565,0.531,0.204,0.0769,0.0152,0.325,NA,0.608,0.735,NA,0.315,NA,NA,0.833,0.103,0.648,0,0.118,0.0963,0.62,0,0.114,0.75,0.868,0.716,0.83,0.132,0.25,0.17,0.129,"COL_2020"
"COL","urban","1","all",50372424,0.114771647771438,2020,101779.409884743,167333.33125,602183.364663121,2451695.1875,NA,0.911,0.029,0.94,0.947,0.898,0.0868,0.071,0.0283,0.6,NA,0.969,0.985,NA,0.597,NA,NA,0.909,0.845,0.0992,0,0.0344,0.782,0.0942,0,0.0286,0.944,0.979,0.876,0.905,0.0215,0.0558,0.0953,0.0154,"COL_2020"
"COL","urban","2","all",50372424,0.14448838371977,2020,228242.868691636,291374.16875,1333940.1689051,3900633.34375,NA,0.936,0.0248,0.961,0.961,0.927,0.0623,0.0554,0.0214,0.677,NA,0.983,0.99,NA,0.675,NA,NA,0.936,0.88,0.0826,0,0.0246,0.838,0.0748,0,0.019,0.963,0.987,0.913,0.932,0.0128,0.0374,0.068,0.00841,"COL_2020"
"COL","urban","3","all",50372424,0.160124351471503,2020,370812.192552821,466666.665625,1885194.09218342,5240000,NA,0.96,0.0118,0.972,0.98,0.956,0.0389,0.0366,0.0205,0.764,NA,0.993,0.995,NA,0.761,NA,NA,0.956,0.926,0.0557,0,0.0117,0.887,0.0538,0,0.0108,0.982,0.993,0.941,0.952,0.00662,0.0183,0.0479,0.00304,"COL_2020"
"COL","urban","4","all",50372424,0.178006598998188,2020,615135.377018442,818245.83203125,2758871.83328712,10925000,NA,0.973,0.00643,0.98,0.988,0.971,0.0261,0.0222,0.0137,0.827,NA,0.993,0.997,NA,0.825,NA,NA,0.97,0.959,0.0298,0,0.00843,0.931,0.0288,0,0.0084,0.989,0.998,0.96,0.968,0.00231,0.0107,0.0317,0.000917,"COL_2020"
"COL","urban","5","all",50372424,0.18970435654601,2020,1779989.74825585,30208334,6037196.58634137,7.3e+07,NA,0.978,0.00207,0.98,0.995,0.977,0.0216,0.0205,0.0163,0.891,NA,0.997,0.998,NA,0.885,NA,NA,0.979,0.979,0.0162,0,0.00491,0.958,0.0162,0,0.0049,0.995,1,0.974,0.979,0.000305,0.00522,0.0207,0.000114,"COL_2020"
"COL","urban","total","all",50372424,0.7703652995068,2020,612037.41607465,30208334,2517726.24458833,7.3e+07,NA,0.956,0.0132,0.969,0.977,0.951,0.0432,0.038,0.0193,0.769,NA,0.989,0.994,NA,0.765,NA,NA,0.954,0.926,0.0517,0,0.015,0.89,0.0489,0,0.013,0.978,0.993,0.939,0.952,0.00745,0.0225,0.0484,0.00466,"COL_2020"
"COL","urban","1","female",50372424,0.0594289401407664,2020,99013.5939326489,167289.5859375,585620.271895365,2451695.1875,NA,0.925,0.0225,0.947,0.959,0.911,0.0753,0.0636,0.0265,0.611,NA,0.974,0.986,NA,0.608,NA,NA,0.904,0.846,0.0971,0,0.0384,0.777,0.0916,0,0.0304,0.943,0.982,0.869,0.899,0.0184,0.0567,0.101,0.0116,"COL_2020"
"COL","urban","2","female",50372424,0.0569920845740646,2020,226394.517367308,291374.16875,1314574.77638271,3697133.34375,NA,0.944,0.0208,0.965,0.96,0.931,0.0543,0.0501,0.0206,0.674,NA,0.981,0.985,NA,0.671,NA,NA,0.939,0.882,0.0691,0,0.0308,0.844,0.0656,0,0.0221,0.952,0.982,0.91,0.932,0.0176,0.0484,0.0679,0.0102,"COL_2020"
"COL","urban","3","female",50372424,0.0663173360501058,2020,371573.450232569,466666.665625,1970782.77387983,5094925,NA,0.961,0.0122,0.973,0.976,0.956,0.0393,0.0349,0.0198,0.761,NA,0.991,0.995,NA,0.759,NA,NA,0.954,0.929,0.0508,0,0.0109,0.889,0.0494,0,0.00948,0.98,0.991,0.939,0.948,0.00928,0.0202,0.0519,0.00341,"COL_2020"
"COL","urban","4","female",50372424,0.0714818583667814,2020,608418.927843516,818093.6875,2772147.88430694,10288329.75,NA,0.973,0.00743,0.98,0.986,0.971,0.027,0.0241,0.014,0.837,NA,0.995,0.998,NA,0.835,NA,NA,0.972,0.965,0.0248,0,0.00871,0.938,0.0245,0,0.0087,0.99,0.998,0.962,0.971,0.00177,0.0105,0.0289,0.000441,"COL_2020"
"COL","urban","5","female",50372424,0.0662845042611499,2020,1739845.82047072,21666668,5765220.92890101,44539863,NA,0.982,0.00267,0.985,0.995,0.981,0.0177,0.0176,0.0133,0.895,NA,0.998,0.998,NA,0.888,NA,NA,0.986,0.98,0.0155,0,0.00401,0.966,0.0155,0,0.00398,0.996,1,0.981,0.985,0.000316,0.00433,0.0148,0,"COL_2020"
"COL","urban","total","female",50372424,0.317781863105517,2020,551243.849643947,21666668,2313321.23237455,44539863,NA,0.958,0.0126,0.971,0.976,0.951,0.0414,0.037,0.0185,0.763,NA,0.988,0.993,NA,0.759,NA,NA,0.953,0.924,0.0495,0,0.0177,0.887,0.0475,0,0.0143,0.973,0.991,0.935,0.949,0.00891,0.0266,0.051,0.00479,"COL_2020"
"COL","urban","1","male",50372424,0.0553427076306714,2020,104749.440042181,167333.33125,619969.394490389,2251250,NA,0.896,0.0363,0.932,0.933,0.884,0.0995,0.0791,0.0302,0.588,NA,0.963,0.983,NA,0.586,NA,NA,0.915,0.844,0.102,0,0.03,0.787,0.0971,0,0.0266,0.945,0.975,0.884,0.911,0.0249,0.0548,0.0893,0.0195,"COL_2020"
"COL","urban","2","male",50372424,0.0874962991457055,2020,229446.821270513,291265,1346554.12057187,3900633.34375,NA,0.931,0.0276,0.958,0.962,0.925,0.0677,0.0589,0.022,0.679,NA,0.984,0.993,NA,0.678,NA,NA,0.934,0.878,0.0919,0,0.0203,0.834,0.0812,0,0.0169,0.97,0.99,0.915,0.932,0.00953,0.0299,0.0681,0.00719,"COL_2020"
"COL","urban","3","male",50372424,0.0938070154213967,2020,370274.017650424,466666.6640625,1824686.74802959,5240000,NA,0.96,0.0116,0.972,0.983,0.956,0.0386,0.0378,0.0211,0.767,NA,0.994,0.995,NA,0.763,NA,NA,0.957,0.924,0.059,0,0.0122,0.886,0.0568,0,0.0118,0.983,0.995,0.943,0.955,0.0048,0.017,0.0452,0.00279,"COL_2020"
"COL","urban","4","male",50372424,0.106524740631406,2020,619642.35132135,818245.83203125,2749963.13477217,10925000,NA,0.974,0.00575,0.98,0.989,0.971,0.0255,0.021,0.0135,0.82,NA,0.992,0.996,NA,0.818,NA,NA,0.968,0.956,0.0332,0,0.00823,0.926,0.0318,0,0.00821,0.989,0.997,0.958,0.966,0.00267,0.0109,0.0336,0.00124,"COL_2020"
"COL","urban","5","male",50372424,0.12341985228486,2020,1801549.65375785,30208334,6183265.23972888,7.3e+07,NA,0.976,0.00173,0.978,0.994,0.975,0.0239,0.0221,0.0181,0.889,NA,0.997,0.998,NA,0.883,NA,NA,0.976,0.978,0.0166,0,0.00543,0.954,0.0166,0,0.00542,0.994,1,0.971,0.976,0.000298,0.00573,0.0241,0.00018,"COL_2020"
"COL","urban","total","male",50372424,0.452583436401283,2020,654723.672908957,30208334,2661249.40603211,7.3e+07,NA,0.954,0.0136,0.968,0.977,0.95,0.0444,0.0387,0.0198,0.773,NA,0.989,0.994,NA,0.77,NA,NA,0.955,0.927,0.0532,0,0.0132,0.892,0.0499,0,0.012,0.98,0.994,0.941,0.953,0.00642,0.0196,0.0465,0.00457,"COL_2020"
