"iso","scope","quintile","gender","population","year_survey","population_perc","ave_income_pc","max_income_pc","ave_hh_income","max_hh_income","access_water_piped_house","access_water_piped_plot","water_trucked","water_on_premises","water_distr","consume_distr","access_water_other_max","access_water_other_min","consume_bottled","access_water_daily","water_dist_continuity_jmp","improved_w_access_min","improved_w_access_max","access_water_piped_house_daily","access_water_piped_plot_daily","treat_water","water_meter","access_san_exclusive","access_sewer","access_septic","access_latrine_min","access_latrine_max","access_sewer_exclusive","access_septic_exclusive","access_latrine_exclusive_min","access_latrine_exclusive_max","improved_san_min__hh","improved_san_max","improved_san_min_exclusive","improved_san_max_exclusive","access_latrines_unimproved_min","access_latrines_unimproved_max","access_latrines_unimproved_exclusive_min","no_sanitation_access","name"
"GTM","country","1","all",16346950,2018,0.2,164.5928712621,273.444447835286,1320.91369949133,3830,0.329,0.179,0.00471,0.513,0.508,0.469,0.531,0.221,0.0514,NA,NA,0.689,1,NA,NA,0.806,0.0729,NA,0.108,0.0487,0,0.7,NA,NA,NA,NA,0.157,0.858,NA,NA,0.142,0.843,NA,0.0804,"GTM_2018"
"GTM","country","2","all",16346950,2018,0.2,383.496062447956,500,2703.79073764717,6500,0.429,0.219,0.00436,0.652,0.648,0.574,0.426,0.192,0.0854,NA,NA,0.766,1,NA,NA,0.735,0.141,NA,0.234,0.0663,0,0.558,NA,NA,NA,NA,0.301,0.858,NA,NA,0.142,0.699,NA,0.0587,"GTM_2018"
"GTM","country","3","all",16346950,2018,0.2,644.013373022985,823.25,4064.14933823686,10847.6666564941,0.568,0.179,0.00843,0.755,0.747,0.53,0.47,0.292,0.238,NA,NA,0.822,1,NA,NA,0.806,0.241,NA,0.377,0.099,0,0.414,NA,NA,NA,NA,0.476,0.89,NA,NA,0.11,0.524,NA,0.0272,"GTM_2018"
"GTM","country","4","all",16346950,2018,0.2,1098.02615979453,1470,6322.99243656098,13450,0.678,0.154,0.00951,0.841,0.831,0.478,0.522,0.431,0.385,NA,NA,0.909,1,NA,NA,0.848,0.361,NA,0.539,0.101,0,0.233,NA,NA,NA,NA,0.64,0.873,NA,NA,0.127,0.36,NA,0.0126,"GTM_2018"
"GTM","country","5","all",16346950,2018,0.2,2810.47394048718,50000,13821.2427741932,216333.333251953,0.835,0.0922,0.00533,0.933,0.928,0.298,0.702,0.667,0.653,NA,NA,0.965,1,NA,NA,0.913,0.551,NA,0.722,0.102,0,0.0826,NA,NA,NA,NA,0.823,0.906,NA,NA,0.094,0.177,NA,0.00896,"GTM_2018"
"GTM","country","total","all",16346950,2018,1,893.800202787233,50000,5046.53426142631,216333.333251953,0.568,0.165,0.00647,0.739,0.732,0.47,0.53,0.361,0.283,NA,NA,0.831,1,NA,NA,0.822,0.274,NA,0.396,0.0834,0,0.398,NA,NA,NA,NA,0.479,0.877,NA,NA,0.123,0.521,NA,0.0376,"GTM_2018"
"GTM","country","1","female",16346950,2018,0.0181905846669276,172.176463473682,272.222223917643,953.760616207776,2333.33331298828,0.426,0.193,0,0.619,0.619,0.558,0.442,0.151,0.0718,NA,NA,0.709,1,NA,NA,0.84,0.151,NA,0.191,0.0706,0,0.632,NA,NA,NA,NA,0.262,0.894,NA,NA,0.106,0.738,NA,0.0216,"GTM_2018"
"GTM","country","2","female",16346950,2018,0.0362496596826379,386.811800381673,500,2411.42669277226,4933.33337402344,0.508,0.239,0.00206,0.748,0.746,0.62,0.38,0.202,0.136,NA,NA,0.821,1,NA,NA,0.68,0.161,NA,0.27,0.0937,0,0.471,NA,NA,NA,NA,0.364,0.835,NA,NA,0.165,0.636,NA,0.0822,"GTM_2018"
"GTM","country","3","female",16346950,2018,0.0389998491634182,642.838593942124,823.25,4049.28337995863,9035.6669921875,0.618,0.132,0.0123,0.761,0.749,0.507,0.493,0.312,0.262,NA,NA,0.819,1,NA,NA,0.74,0.238,NA,0.384,0.114,0,0.366,NA,NA,NA,NA,0.498,0.864,NA,NA,0.136,0.502,NA,0.0306,"GTM_2018"
"GTM","country","4","female",16346950,2018,0.0366809504032594,1112.56682033985,1466.66666666667,6011.79700927798,12549.9995117188,0.669,0.143,0.0131,0.825,0.812,0.451,0.549,0.463,0.385,NA,NA,0.914,1,NA,NA,0.781,0.437,NA,0.542,0.11,0,0.233,NA,NA,NA,NA,0.652,0.885,NA,NA,0.115,0.348,NA,0.00511,"GTM_2018"
"GTM","country","5","female",16346950,2018,0.0405122562082256,2557.60314119935,17388.8880208333,11827.9388088838,52166.6640625,0.842,0.0604,0.00186,0.904,0.902,0.281,0.719,0.678,0.646,NA,NA,0.959,1,NA,NA,0.894,0.599,NA,0.777,0.069,0,0.0812,NA,NA,NA,NA,0.846,0.927,NA,NA,0.0732,0.154,NA,0.0073,"GTM_2018"
"GTM","country","total","female",16346950,2018,0.165983794028416,980.33142761979,17388.8880208333,5131.33049414235,52166.6640625,0.631,0.149,0.00624,0.786,0.779,0.474,0.526,0.382,0.323,NA,NA,0.857,1,NA,NA,0.785,0.334,NA,0.457,0.0926,0,0.331,NA,NA,NA,NA,0.55,0.881,NA,NA,0.119,0.45,NA,0.0298,"GTM_2018"
"GTM","country","1","male",16346950,2018,0.181809415333072,163.834109808787,273.444447835286,1357.64848154295,3830,0.315,0.177,0.00541,0.497,0.491,0.455,0.545,0.231,0.0484,NA,NA,0.687,1,NA,NA,0.801,0.0614,NA,0.0962,0.0455,0,0.71,NA,NA,NA,NA,0.142,0.852,NA,NA,0.148,0.858,NA,0.0891,"GTM_2018"
"GTM","country","2","male",16346950,2018,0.163750340317362,382.762052543237,500,2768.51180698733,6500,0.408,0.215,0.00494,0.628,0.623,0.563,0.437,0.189,0.0724,NA,NA,0.752,1,NA,NA,0.749,0.136,NA,0.225,0.0593,0,0.58,NA,NA,NA,NA,0.284,0.864,NA,NA,0.136,0.716,NA,0.0527,"GTM_2018"
"GTM","country","3","male",16346950,2018,0.161000150836582,644.297945470377,822.854187011719,4067.75039157444,10847.6666564941,0.555,0.191,0.00741,0.754,0.746,0.536,0.464,0.287,0.231,NA,NA,0.823,1,NA,NA,0.823,0.242,NA,0.375,0.0952,0,0.427,NA,NA,NA,NA,0.47,0.897,NA,NA,0.103,0.53,NA,0.0263,"GTM_2018"
"GTM","country","4","male",16346950,2018,0.163319049596741,1094.76037267655,1470,6392.88596130334,13450,0.68,0.156,0.00862,0.844,0.836,0.484,0.516,0.424,0.386,NA,NA,0.908,1,NA,NA,0.865,0.343,NA,0.538,0.0989,0,0.233,NA,NA,NA,NA,0.637,0.87,NA,NA,0.13,0.363,NA,0.0144,"GTM_2018"
"GTM","country","5","male",16346950,2018,0.159487743791774,2874.70688005212,50000,14327.5715930956,216333.333251953,0.834,0.101,0.00631,0.941,0.935,0.303,0.697,0.664,0.655,NA,NA,0.967,1,NA,NA,0.918,0.538,NA,0.706,0.111,0,0.083,NA,NA,NA,NA,0.817,0.9,NA,NA,0.0999,0.183,NA,0.00943,"GTM_2018"
"GTM","country","total","male",16346950,2018,0.834016205971584,876.578977471951,50000,5029.65832984998,216333.333251953,0.553,0.168,0.00652,0.728,0.721,0.469,0.531,0.356,0.273,NA,NA,0.824,1,NA,NA,0.83,0.259,NA,0.382,0.0812,0,0.413,NA,NA,NA,NA,0.463,0.876,NA,NA,0.124,0.537,NA,0.0394,"GTM_2018"
"GTM","rural","1","all",16346950,2018,0.175165794131216,162.608353955588,273.444447835286,1344.80974021999,3830,0.276,0.186,0.00398,0.466,0.462,0.439,0.561,0.22,0.0344,NA,NA,0.659,1,NA,NA,0.805,0.0438,NA,0.0507,0.049,0,0.755,NA,NA,NA,NA,0.0997,0.855,NA,NA,0.145,0.9,NA,0.0891,"GTM_2018"
"GTM","rural","2","all",16346950,2018,0.148821064235678,378.202953801942,499.266668701172,2743.78164617926,6317,0.328,0.228,0.00511,0.562,0.557,0.525,0.475,0.173,0.0443,NA,NA,0.699,1,NA,NA,0.736,0.0681,NA,0.0945,0.063,0,0.688,NA,NA,NA,NA,0.158,0.845,NA,NA,0.155,0.842,NA,0.0739,"GTM_2018"
"GTM","rural","3","all",16346950,2018,0.124104580524207,644.249500471495,823.25,4344.46655890651,10847.6666564941,0.417,0.235,0.0035,0.655,0.651,0.54,0.46,0.198,0.126,NA,NA,0.737,1,NA,NA,0.787,0.105,NA,0.188,0.118,0,0.584,NA,NA,NA,NA,0.306,0.889,NA,NA,0.111,0.694,NA,0.0351,"GTM_2018"
"GTM","rural","4","all",16346950,2018,0.0798019285600984,1081.39288425315,1469.44444274902,6397.54527336002,12999,0.466,0.221,0.00973,0.696,0.687,0.536,0.464,0.299,0.193,NA,NA,0.834,1,NA,NA,0.804,0.164,NA,0.254,0.135,0,0.451,NA,NA,NA,NA,0.389,0.84,NA,NA,0.16,0.611,NA,0.0151,"GTM_2018"
"GTM","rural","5","all",16346950,2018,0.0476822460700288,2510.34303978366,13744,14572.650711387,88483.333984375,0.567,0.199,0.00384,0.769,0.766,0.489,0.511,0.376,0.319,NA,NA,0.864,1,NA,NA,0.77,0.149,NA,0.301,0.286,0,0.259,NA,NA,NA,NA,0.587,0.846,NA,NA,0.154,0.413,NA,0.0301,"GTM_2018"
"GTM","rural","total","all",16346950,2018,0.608756309450018,572.776252843132,13744,3748.54804944057,88483.333984375,0.369,0.213,0.00498,0.588,0.583,0.5,0.5,0.227,0.101,NA,NA,0.727,1,NA,NA,0.781,0.0885,NA,0.14,0.0981,0,0.619,NA,NA,NA,NA,0.238,0.857,NA,NA,0.143,0.762,NA,0.0586,"GTM_2018"
"GTM","rural","1","female",16346950,2018,0.0139015995255869,172.160685017142,272.222223917643,942.963808123515,2333.33331298828,0.304,0.217,0,0.522,0.522,0.48,0.52,0.148,0.0524,NA,NA,0.628,1,NA,NA,0.841,0.0725,NA,0.064,0.0857,0,0.733,NA,NA,NA,NA,0.15,0.882,NA,NA,0.118,0.85,NA,0.0239,"GTM_2018"
"GTM","rural","2","female",16346950,2018,0.0248149294480315,374.168651696229,496,2328.2501569679,3901.33334350586,0.421,0.271,0.00307,0.695,0.692,0.623,0.377,0.158,0.0779,NA,NA,0.781,1,NA,NA,0.674,0.0859,NA,0.0828,0.106,0,0.626,NA,NA,NA,NA,0.189,0.815,NA,NA,0.185,0.811,NA,0.116,"GTM_2018"
"GTM","rural","3","female",16346950,2018,0.0215802517059649,634.247289265736,823.25,4381.18961103428,9035.6669921875,0.455,0.195,0.00209,0.652,0.65,0.512,0.488,0.206,0.168,NA,NA,0.718,1,NA,NA,0.682,0.0553,NA,0.206,0.145,0,0.518,NA,NA,NA,NA,0.351,0.869,NA,NA,0.131,0.649,NA,0.0374,"GTM_2018"
"GTM","rural","4","female",16346950,2018,0.0153104413220167,1063.10182740398,1465,5866.72635712238,9216.66723632812,0.473,0.177,0.0194,0.67,0.65,0.497,0.503,0.351,0.159,NA,NA,0.849,1,NA,NA,0.748,0.213,NA,0.228,0.209,0,0.414,NA,NA,NA,NA,0.437,0.85,NA,NA,0.15,0.563,NA,0.0116,"GTM_2018"
"GTM","rural","5","female",16346950,2018,0.00731939769848211,2887.91480894476,11008.5,12400.9767455046,44756,0.475,0.149,0,0.624,0.624,0.43,0.57,0.406,0.242,NA,NA,0.836,1,NA,NA,0.644,0.18,NA,0.336,0.238,0,0.331,NA,NA,NA,NA,0.574,0.905,NA,NA,0.0946,0.426,NA,0.0213,"GTM_2018"
"GTM","rural","total","female",16346950,2018,0.0853093073138317,682.229801474073,11008.5,3831.96162071559,44756,0.418,0.215,0.00469,0.637,0.633,0.528,0.472,0.223,0.122,NA,NA,0.751,1,NA,NA,0.721,0.106,NA,0.155,0.14,0,0.56,NA,NA,NA,NA,0.296,0.856,NA,NA,0.144,0.704,NA,0.0518,"GTM_2018"
"GTM","rural","1","male",16346950,2018,0.161264194605629,161.784905940496,273.444447835286,1379.45041934068,3830,0.272,0.182,0.00451,0.459,0.454,0.434,0.566,0.23,0.032,NA,NA,0.664,1,NA,NA,0.801,0.0401,NA,0.0489,0.0443,0,0.758,NA,NA,NA,NA,0.0932,0.852,NA,NA,0.148,0.907,NA,0.0976,"GTM_2018"
"GTM","rural","2","male",16346950,2018,0.124006134787647,379.010260007371,499.266668701172,2826.93385962317,6317,0.307,0.218,0.00559,0.531,0.525,0.502,0.498,0.177,0.0364,NA,NA,0.679,1,NA,NA,0.75,0.0639,NA,0.0972,0.0529,0,0.702,NA,NA,NA,NA,0.15,0.852,NA,NA,0.148,0.85,NA,0.0639,"GTM_2018"
"GTM","rural","3","male",16346950,2018,0.102524328818242,646.354856711566,822.854187011719,4336.73675742951,10847.6666564941,0.408,0.244,0.00383,0.655,0.652,0.546,0.454,0.196,0.116,NA,NA,0.742,1,NA,NA,0.811,0.117,NA,0.183,0.112,0,0.599,NA,NA,NA,NA,0.295,0.894,NA,NA,0.106,0.705,NA,0.0346,"GTM_2018"
"GTM","rural","4","male",16346950,2018,0.0644914872380816,1085.73522716692,1469.44444274902,6523.56301954209,12999,0.464,0.232,0.00728,0.703,0.696,0.545,0.455,0.285,0.202,NA,NA,0.831,1,NA,NA,0.818,0.151,NA,0.261,0.116,0,0.461,NA,NA,NA,NA,0.377,0.838,NA,NA,0.162,0.623,NA,0.016,"GTM_2018"
"GTM","rural","5","male",16346950,2018,0.0403628483715467,2441.87418662518,13744,14966.462002439,88483.333984375,0.589,0.211,0.00478,0.805,0.8,0.503,0.497,0.368,0.338,NA,NA,0.871,1,NA,NA,0.801,0.142,NA,0.292,0.297,0,0.242,NA,NA,NA,NA,0.59,0.832,NA,NA,0.168,0.41,NA,0.0323,"GTM_2018"
"GTM","rural","total","male",16346950,2018,0.523447002136187,554.937949483593,13744,3734.95363786307,88483.333984375,0.359,0.213,0.00504,0.577,0.572,0.495,0.505,0.228,0.0972,NA,NA,0.722,1,NA,NA,0.793,0.0849,NA,0.136,0.0896,0,0.631,NA,NA,NA,NA,0.226,0.857,NA,NA,0.143,0.774,NA,0.0599,"GTM_2018"
"GTM","urban","1","all",16346950,2018,0.0248342058687843,178.59048212991,272.222208658854,1152.36516715879,2339.16666793823,0.644,0.137,0.00907,0.79,0.781,0.645,0.355,0.224,0.153,NA,NA,0.869,1,NA,NA,0.811,0.247,NA,0.453,0.0469,0,0.371,NA,NA,NA,NA,0.5,0.872,NA,NA,0.128,0.5,NA,0.0288,"GTM_2018"
"GTM","urban","2","all",16346950,2018,0.0511789357643218,398.887669366909,500,2587.50286493904,6500,0.685,0.196,0.00242,0.884,0.881,0.7,0.3,0.239,0.191,NA,NA,0.94,1,NA,NA,0.734,0.329,NA,0.594,0.0748,0,0.224,NA,NA,NA,NA,0.668,0.892,NA,NA,0.108,0.332,NA,0.0198,"GTM_2018"
"GTM","urban","3","all",16346950,2018,0.0758954194757929,643.627256203947,822.222249348958,3605.77317633931,7560.41666793823,0.784,0.0987,0.0155,0.899,0.883,0.516,0.484,0.427,0.397,NA,NA,0.943,1,NA,NA,0.833,0.435,NA,0.648,0.0717,0,0.172,NA,NA,NA,NA,0.719,0.891,NA,NA,0.109,0.281,NA,0.016,"GTM_2018"
"GTM","urban","4","all",16346950,2018,0.120198071439902,1109.06932754733,1470,6273.49530166589,13450,0.815,0.11,0.00936,0.934,0.925,0.441,0.559,0.518,0.51,NA,NA,0.958,1,NA,NA,0.877,0.49,NA,0.724,0.0792,0,0.0909,NA,NA,NA,NA,0.803,0.894,NA,NA,0.106,0.197,NA,0.011,"GTM_2018"
"GTM","urban","5","all",16346950,2018,0.152317753929971,2904.42828980842,50000,13586.0185981808,216333.333251953,0.911,0.0623,0.00575,0.979,0.973,0.245,0.755,0.749,0.747,NA,NA,0.994,1,NA,NA,0.953,0.664,NA,0.84,0.0499,0,0.033,NA,NA,NA,NA,0.89,0.923,NA,NA,0.0772,0.11,NA,0.00301,"GTM_2018"
"GTM","urban","total","all",16346950,2018,0.391243690549982,1393.2979831561,50000,7066.13819424553,216333.333251953,0.816,0.104,0.00833,0.928,0.919,0.432,0.568,0.528,0.509,NA,NA,0.96,1,NA,NA,0.873,0.505,NA,0.717,0.0649,0,0.12,NA,NA,NA,NA,0.782,0.902,NA,NA,0.098,0.218,NA,0.0114,"GTM_2018"
"GTM","urban","1","female",16346950,2018,0.00428898514134068,172.227605125311,266.666666666667,988.755585226275,1700,0.835,0.113,0,0.948,0.948,0.821,0.179,0.159,0.137,NA,NA,0.981,1,NA,NA,0.837,0.416,NA,0.619,0.0198,0,0.293,NA,NA,NA,NA,0.639,0.932,NA,NA,0.0682,0.361,NA,0.0138,"GTM_2018"
"GTM","urban","2","female",16346950,2018,0.0114347302346064,414.249163239677,500,2591.9311581483,4933.33337402344,0.688,0.171,0,0.859,0.859,0.612,0.388,0.292,0.256,NA,NA,0.904,1,NA,NA,0.693,0.314,NA,0.657,0.0682,0,0.152,NA,NA,NA,NA,0.725,0.877,NA,NA,0.123,0.275,NA,0.0123,"GTM_2018"
"GTM","urban","3","female",16346950,2018,0.0174195974574533,653.481923551314,822.222223917643,3638.10166196054,6150,0.795,0.0622,0.0235,0.88,0.857,0.501,0.499,0.428,0.363,NA,NA,0.928,1,NA,NA,0.803,0.437,NA,0.578,0.0797,0,0.2,NA,NA,NA,NA,0.658,0.858,NA,NA,0.142,0.342,NA,0.0233,"GTM_2018"
"GTM","urban","4","female",16346950,2018,0.0213705090812426,1148.00495000535,1466.66666666667,6115.72975598659,12549.9995117188,0.802,0.12,0.00888,0.931,0.922,0.42,0.58,0.538,0.538,NA,NA,0.959,1,NA,NA,0.803,0.589,NA,0.756,0.0433,0,0.11,NA,NA,NA,NA,0.799,0.909,NA,NA,0.0908,0.201,NA,0.000729,"GTM_2018"
"GTM","urban","5","female",16346950,2018,0.0331928585097435,2484.76571263116,17388.8880208333,11701.5775148358,52166.6640625,0.93,0.0392,0.00231,0.972,0.969,0.245,0.755,0.743,0.743,NA,NA,0.989,1,NA,NA,0.955,0.7,NA,0.883,0.0283,0,0.0211,NA,NA,NA,NA,0.911,0.932,NA,NA,0.068,0.0892,NA,0.00394,"GTM_2018"
"GTM","urban","total","female",16346950,2018,0.0806744867145841,1295.55925578793,17388.8880208333,6505.3492583318,52166.6640625,0.834,0.0854,0.00772,0.927,0.919,0.423,0.577,0.534,0.515,NA,NA,0.957,1,NA,NA,0.845,0.551,NA,0.744,0.0472,0,0.113,NA,NA,NA,NA,0.791,0.904,NA,NA,0.096,0.209,NA,0.00882,"GTM_2018"
"GTM","urban","1","male",16346950,2018,0.0205452207274437,179.9187854512,272.222208658854,1186.52002366769,2339.16666793823,0.595,0.143,0.0114,0.749,0.738,0.599,0.401,0.241,0.157,NA,NA,0.84,1,NA,NA,0.804,0.203,NA,0.411,0.0539,0,0.392,NA,NA,NA,NA,0.465,0.856,NA,NA,0.144,0.535,NA,0.0327,"GTM_2018"
"GTM","urban","2","male",16346950,2018,0.0397442055297153,394.468043006424,500,2586.22880907171,6500,0.685,0.204,0.00317,0.892,0.889,0.728,0.272,0.223,0.17,NA,NA,0.951,1,NA,NA,0.746,0.333,NA,0.574,0.0769,0,0.247,NA,NA,NA,NA,0.651,0.897,NA,NA,0.103,0.349,NA,0.0222,"GTM_2018"
"GTM","urban","3","male",16346950,2018,0.0584758220183396,640.691609771916,822.222249348958,3596.14271392778,7560.41666793823,0.781,0.11,0.0129,0.904,0.892,0.521,0.479,0.427,0.408,NA,NA,0.948,1,NA,NA,0.842,0.435,NA,0.67,0.0691,0,0.162,NA,NA,NA,NA,0.739,0.902,NA,NA,0.0984,0.261,NA,0.0137,"GTM_2018"
"GTM","urban","4","male",16346950,2018,0.098827562358659,1100.64987397117,1470,6307.61058232425,13450,0.819,0.107,0.00948,0.935,0.926,0.445,0.555,0.513,0.504,NA,NA,0.958,1,NA,NA,0.895,0.466,NA,0.717,0.0878,0,0.0862,NA,NA,NA,NA,0.805,0.891,NA,NA,0.109,0.195,NA,0.0134,"GTM_2018"
"GTM","urban","5","male",16346950,2018,0.119124895420228,3021.36270974592,50000,14111.0976425633,216333.333251953,0.905,0.0691,0.00676,0.981,0.974,0.244,0.756,0.751,0.747,NA,NA,0.995,1,NA,NA,0.952,0.653,NA,0.827,0.0564,0,0.0365,NA,NA,NA,NA,0.884,0.92,NA,NA,0.0799,0.116,NA,0.00274,"GTM_2018"
"GTM","urban","total","male",16346950,2018,0.310569203835398,1418.68691922956,50000,7211.81058867919,216333.333251953,0.811,0.109,0.00851,0.928,0.919,0.434,0.566,0.527,0.507,NA,NA,0.961,1,NA,NA,0.881,0.492,NA,0.709,0.0699,0,0.123,NA,NA,NA,NA,0.779,0.901,NA,NA,0.0985,0.221,NA,0.0121,"GTM_2018"
