"iso","scope","quintile","gender","population","population_perc","year_survey","ave_income_pc","max_income_pc","ave_hh_income","max_hh_income","access_water_piped_house","access_water_piped_plot","water_trucked","water_on_premises","water_distr","consume_distr","access_water_other_max","access_water_other_min","consume_bottled","access_water_daily","water_dist_continuity_jmp","improved_w_access_min","improved_w_access_max","access_water_piped_house_daily","access_water_piped_plot_daily","treat_water","water_meter","access_san_exclusive","access_sewer","access_septic","access_latrine_min","access_latrine_max","access_sewer_exclusive","access_septic_exclusive","access_latrine_exclusive_min","access_latrine_exclusive_max","improved_san_min__hh","improved_san_max","improved_san_min_exclusive","improved_san_max_exclusive","access_latrines_unimproved_min","access_latrines_unimproved_max","access_latrines_unimproved_exclusive_min","no_sanitation_access","name"
"MEX","country","1","all",124737789,0.2,2018,998.574796093578,1524.892578125,5996.451771857,23437.17237854,0.419,0.416,0.0255,0.861,0.835,0.835,0.165,0.0556,NA,0.492,NA,0.891,1,0.283,0.209,NA,NA,0.836,0.509,0.325,NA,NA,0.448,0.282,NA,NA,0.834,0.834,0.73,0.73,0.166,0.166,0.27,0.0503,"MEX_2018"
"MEX","country","2","all",124737789,0.2,2018,1929.74084827615,2354.36995442708,11194.8330335027,37470.7988815308,0.657,0.255,0.0235,0.935,0.911,0.911,0.0888,0.0393,NA,0.577,NA,0.95,1,0.449,0.128,NA,NA,0.889,0.718,0.215,NA,NA,0.654,0.193,NA,NA,0.933,0.933,0.848,0.848,0.0667,0.0667,0.152,0.0216,"MEX_2018"
"MEX","country","3","all",124737789,0.2,2018,2844.29335341007,3429.43003336589,15827.2374031803,53644.6860351562,0.76,0.184,0.0189,0.963,0.944,0.944,0.056,0.0282,NA,0.653,NA,0.972,1,0.559,0.094,NA,NA,0.914,0.791,0.166,NA,NA,0.733,0.151,NA,NA,0.957,0.957,0.884,0.884,0.0427,0.0427,0.116,0.013,"MEX_2018"
"MEX","country","4","all",124737789,0.2,2018,4285.82989734066,5521.97515106201,21341.3059138263,72855.328125,0.851,0.109,0.0156,0.976,0.96,0.96,0.0399,0.0218,NA,0.695,NA,0.982,1,0.639,0.0553,NA,NA,0.938,0.843,0.129,NA,NA,0.797,0.121,NA,NA,0.972,0.972,0.918,0.918,0.0279,0.0279,0.082,0.00785,"MEX_2018"
"MEX","country","5","all",124737789,0.2,2018,11678.7404084652,2007045.73014323,45397.38319207,6021137.19042969,0.935,0.0425,0.00889,0.987,0.978,0.978,0.0222,0.0118,NA,0.775,NA,0.99,1,0.751,0.024,NA,NA,0.957,0.904,0.0853,NA,NA,0.87,0.0797,NA,NA,0.99,0.99,0.95,0.95,0.0104,0.0104,0.0504,0.00417,"MEX_2018"
"MEX","country","total","all",124737789,1,2018,3855.5586038744,2007045.73014323,18154.475365832,6021137.19042969,0.725,0.201,0.0185,0.944,0.926,0.926,0.0743,0.0313,NA,0.638,NA,0.957,1,0.536,0.102,NA,NA,0.907,0.753,0.184,NA,NA,0.7,0.165,NA,NA,0.937,0.937,0.866,0.866,0.0627,0.0627,0.134,0.0194,"MEX_2018"
"MEX","country","1","female",124737789,0.0423695388232283,2018,1029.83000552561,1524.83407592773,6091.14869373799,19427.2195577621,0.47,0.385,0.0187,0.874,0.855,0.855,0.145,0.0449,NA,0.509,NA,0.9,1,0.324,0.185,NA,NA,0.835,0.586,0.27,NA,NA,0.514,0.236,NA,NA,0.856,0.856,0.75,0.75,0.144,0.144,0.25,0.0495,"MEX_2018"
"MEX","country","2","female",124737789,0.0476292613449712,2018,1936.72084536431,2354.36808268229,11371.5674935808,37470.7988815308,0.676,0.236,0.0211,0.933,0.912,0.912,0.0878,0.0414,NA,0.582,NA,0.954,1,0.465,0.117,NA,NA,0.892,0.753,0.189,NA,NA,0.692,0.167,NA,NA,0.942,0.942,0.858,0.858,0.0575,0.0575,0.142,0.0215,"MEX_2018"
"MEX","country","3","female",124737789,0.0475567116750083,2018,2837.56975153111,3429.02108764648,15397.0720569385,51178.1368255615,0.77,0.179,0.0157,0.964,0.949,0.949,0.0512,0.025,NA,0.661,NA,0.974,1,0.577,0.0838,NA,NA,0.904,0.822,0.139,NA,NA,0.755,0.123,NA,NA,0.961,0.961,0.878,0.878,0.0392,0.0392,0.122,0.0122,"MEX_2018"
"MEX","country","4","female",124737789,0.0471855853809209,2018,4286.73268388242,5521.47607421875,20351.0945077101,57759.0806522369,0.857,0.108,0.0134,0.978,0.964,0.964,0.0357,0.0179,NA,0.69,NA,0.982,1,0.638,0.0523,NA,NA,0.944,0.862,0.115,NA,NA,0.818,0.108,NA,NA,0.977,0.977,0.926,0.926,0.0227,0.0227,0.0739,0.00633,"MEX_2018"
"MEX","country","5","female",124737789,0.0477796724647673,2018,10896.2421228973,2007045.73014323,38520.9710621049,6021137.19042969,0.942,0.0424,0.00524,0.989,0.984,0.984,0.016,0.00753,NA,0.785,NA,0.992,1,0.764,0.0217,NA,NA,0.954,0.923,0.0678,NA,NA,0.884,0.0634,NA,NA,0.99,0.99,0.947,0.947,0.0097,0.0097,0.053,0.00523,"MEX_2018"
"MEX","country","total","female",124737789,0.231713359860537,2018,3815.81246243584,2007045.73014323,17163.2202228346,6021137.19042969,0.751,0.184,0.0146,0.95,0.935,0.935,0.0649,0.0267,NA,0.65,NA,0.962,1,0.561,0.0892,NA,NA,0.908,0.795,0.153,NA,NA,0.739,0.136,NA,NA,0.948,0.948,0.875,0.875,0.0522,0.0522,0.125,0.0181,"MEX_2018"
"MEX","country","1","male",124737789,0.157630461176772,2018,990.173698998687,1524.892578125,5970.998157891,23437.17237854,0.404,0.425,0.0274,0.857,0.829,0.829,0.171,0.0587,NA,0.487,NA,0.888,1,0.271,0.216,NA,NA,0.836,0.487,0.341,NA,NA,0.429,0.296,NA,NA,0.828,0.828,0.725,0.725,0.172,0.172,0.275,0.0505,"MEX_2018"
"MEX","country","2","male",124737789,0.152370738655029,2018,1927.55898508881,2354.36995442708,11139.5879657028,36313.3155770302,0.65,0.261,0.0243,0.935,0.911,0.911,0.0892,0.0386,NA,0.576,NA,0.949,1,0.444,0.131,NA,NA,0.889,0.706,0.224,NA,NA,0.642,0.202,NA,NA,0.93,0.93,0.844,0.844,0.0697,0.0697,0.156,0.0216,"MEX_2018"
"MEX","country","3","male",124737789,0.152443288324992,2018,2846.39087045716,3429.43003336589,15961.4332052296,53644.6860351562,0.757,0.185,0.02,0.962,0.942,0.942,0.0576,0.0293,NA,0.65,NA,0.972,1,0.553,0.0974,NA,NA,0.917,0.781,0.176,NA,NA,0.725,0.161,NA,NA,0.956,0.956,0.886,0.886,0.0438,0.0438,0.114,0.0133,"MEX_2018"
"MEX","country","4","male",124737789,0.152814414619079,2018,4285.55113756821,5521.97515106201,21647.0604787011,72855.328125,0.85,0.109,0.0163,0.975,0.959,0.959,0.0414,0.0231,NA,0.696,NA,0.982,1,0.64,0.0564,NA,NA,0.936,0.837,0.133,NA,NA,0.79,0.125,NA,NA,0.97,0.97,0.915,0.915,0.0296,0.0296,0.0849,0.00838,"MEX_2018"
"MEX","country","5","male",124737789,0.152220327535233,2018,11924.3548569036,767375.875,47555.7855856428,1681576.54570007,0.933,0.0425,0.0102,0.986,0.976,0.976,0.0245,0.0133,NA,0.772,NA,0.989,1,0.747,0.0249,NA,NA,0.958,0.898,0.0917,NA,NA,0.865,0.0856,NA,NA,0.989,0.989,0.951,0.951,0.0107,0.0107,0.0495,0.00378,"MEX_2018"
"MEX","country","total","male",124737789,0.768286640139463,2018,3867.54594231432,767375.875,18453.4354774139,1681576.54570007,0.716,0.207,0.0197,0.942,0.922,0.922,0.0775,0.0329,NA,0.635,NA,0.955,1,0.528,0.106,NA,NA,0.906,0.739,0.194,NA,NA,0.688,0.175,NA,NA,0.934,0.934,0.863,0.863,0.0662,0.0662,0.137,0.0198,"MEX_2018"
"MEX","rural","1","all",124737789,0.102725450185118,2018,899.78300323119,1524.78561401367,5454.66308192251,23437.17237854,0.235,0.528,0.0172,0.781,0.764,0.764,0.236,0.0632,NA,0.443,NA,0.827,1,0.155,0.287,NA,NA,0.81,0.225,0.495,NA,NA,0.194,0.434,NA,NA,0.72,0.72,0.629,0.629,0.28,0.28,0.371,0.0791,"MEX_2018"
"MEX","rural","2","all",124737789,0.0558016339489086,2018,1900.6795750124,2354.36808268229,10727.2056801738,36714.5578918457,0.419,0.405,0.0358,0.859,0.824,0.824,0.176,0.0612,NA,0.495,NA,0.885,1,0.278,0.217,NA,NA,0.859,0.347,0.485,NA,NA,0.313,0.433,NA,NA,0.831,0.831,0.746,0.746,0.169,0.169,0.254,0.0451,"MEX_2018"
"MEX","rural","3","all",124737789,0.0388107398273504,2018,2810.64234634642,3429.43003336589,15677.1179137638,53454.4928684235,0.5,0.365,0.0359,0.901,0.865,0.865,0.135,0.055,NA,0.529,NA,0.92,1,0.337,0.193,NA,NA,0.865,0.389,0.473,NA,NA,0.35,0.424,NA,NA,0.862,0.862,0.775,0.775,0.138,0.138,0.225,0.0381,"MEX_2018"
"MEX","rural","4","all",124737789,0.027793368202548,2018,4251.38550119286,5520.32088724772,21089.4952481466,72855.328125,0.574,0.308,0.0361,0.919,0.882,0.882,0.118,0.0521,NA,0.56,NA,0.935,1,0.402,0.158,NA,NA,0.894,0.445,0.434,NA,NA,0.409,0.396,NA,NA,0.879,0.879,0.805,0.805,0.121,0.121,0.195,0.0285,"MEX_2018"
"MEX","rural","5","all",124737789,0.0173175945088002,2018,11915.1757689049,2007045.73014323,48920.034877598,6021137.19042969,0.693,0.194,0.0351,0.923,0.888,0.888,0.112,0.0459,NA,0.63,NA,0.934,1,0.522,0.109,NA,NA,0.922,0.522,0.402,NA,NA,0.498,0.368,NA,NA,0.924,0.924,0.867,0.867,0.0762,0.0762,0.133,0.0185,"MEX_2018"
"MEX","rural","total","all",124737789,0.259377529888222,2018,2338.96694912012,2007045.73014323,12104.8327599714,6021137.19042969,0.393,0.424,0.0281,0.845,0.817,0.817,0.183,0.0589,NA,0.496,NA,0.876,1,0.268,0.228,NA,NA,0.848,0.327,0.475,NA,NA,0.294,0.423,NA,NA,0.802,0.802,0.717,0.717,0.198,0.198,0.283,0.0543,"MEX_2018"
"MEX","rural","1","female",124737789,0.0161015837560023,2018,893.687569066965,1524.7199605306,4819.62214768851,13462.0928192139,0.241,0.522,0.0151,0.777,0.762,0.762,0.238,0.0631,NA,0.422,NA,0.825,1,0.15,0.273,NA,NA,0.794,0.261,0.449,NA,NA,0.221,0.393,NA,NA,0.71,0.71,0.615,0.615,0.29,0.29,0.385,0.0943,"MEX_2018"
"MEX","rural","2","female",124737789,0.0105040637195846,2018,1912.685212268,2354.36808268229,10331.6242277006,36714.5578918457,0.386,0.413,0.0379,0.837,0.799,0.799,0.201,0.0689,NA,0.454,NA,0.868,1,0.252,0.203,NA,NA,0.854,0.34,0.496,NA,NA,0.318,0.432,NA,NA,0.836,0.836,0.75,0.75,0.164,0.164,0.25,0.0502,"MEX_2018"
"MEX","rural","3","female",124737789,0.00708313603198172,2018,2815.76033873689,3425.83419799805,14642.9876340988,32724.8599395752,0.478,0.386,0.0333,0.897,0.863,0.863,0.137,0.0519,NA,0.532,NA,0.915,1,0.335,0.196,NA,NA,0.839,0.404,0.451,NA,NA,0.355,0.394,NA,NA,0.855,0.855,0.749,0.749,0.145,0.145,0.251,0.0353,"MEX_2018"
"MEX","rural","4","female",124737789,0.00528477048754676,2018,4237.71050674093,5518.55667114258,18945.3883342014,45675.7456054688,0.575,0.288,0.0465,0.91,0.863,0.863,0.137,0.0676,NA,0.529,NA,0.931,1,0.383,0.147,NA,NA,0.88,0.482,0.417,NA,NA,0.433,0.379,NA,NA,0.899,0.899,0.812,0.812,0.101,0.101,0.188,0.0283,"MEX_2018"
"MEX","rural","5","female",124737789,0.00302655343987449,2018,15624.1380805607,2007045.73014323,53729.9837504884,6021137.19042969,0.69,0.189,0.0251,0.904,0.879,0.879,0.121,0.0453,NA,0.622,NA,0.924,1,0.517,0.105,NA,NA,0.912,0.562,0.342,NA,NA,0.539,0.309,NA,NA,0.904,0.904,0.848,0.848,0.096,0.096,0.152,0.0288,"MEX_2018"
"MEX","rural","total","female",124737789,0.0447376032104336,2018,2613.89986922886,2007045.73014323,11980.683416051,6021137.19042969,0.393,0.417,0.0286,0.839,0.81,0.81,0.19,0.0619,NA,0.477,NA,0.872,1,0.263,0.214,NA,NA,0.837,0.355,0.449,NA,NA,0.319,0.395,NA,NA,0.804,0.804,0.714,0.714,0.196,0.196,0.286,0.0601,"MEX_2018"
"MEX","rural","1","male",124737789,0.0866238664291152,2018,900.91601827393,1524.78561401367,5572.70404698872,23437.17237854,0.234,0.53,0.0177,0.782,0.764,0.764,0.236,0.0632,NA,0.447,NA,0.827,1,0.156,0.291,NA,NA,0.813,0.218,0.505,NA,NA,0.189,0.443,NA,NA,0.722,0.722,0.632,0.632,0.278,0.278,0.368,0.0759,"MEX_2018"
"MEX","rural","2","male",124737789,0.045297570229324,2018,1897.89558509663,2354.09571838379,10818.9371519068,30358.748046875,0.427,0.403,0.0352,0.865,0.83,0.83,0.17,0.0592,NA,0.506,NA,0.889,1,0.285,0.22,NA,NA,0.86,0.348,0.482,NA,NA,0.312,0.433,NA,NA,0.83,0.83,0.745,0.745,0.17,0.17,0.255,0.0438,"MEX_2018"
"MEX","rural","3","male",124737789,0.0317276037953687,2018,2809.4997628552,3429.43003336589,15907.9858196069,53454.4928684235,0.505,0.36,0.0365,0.902,0.865,0.865,0.135,0.0558,NA,0.529,NA,0.921,1,0.337,0.192,NA,NA,0.872,0.385,0.478,NA,NA,0.349,0.432,NA,NA,0.863,0.863,0.781,0.781,0.137,0.137,0.219,0.0388,"MEX_2018"
"MEX","rural","4","male",124737789,0.0225085977150012,2018,4254.59623906342,5520.32088724772,21592.9079033655,72855.328125,0.574,0.314,0.0332,0.921,0.888,0.888,0.112,0.0478,NA,0.568,NA,0.936,1,0.408,0.161,NA,NA,0.898,0.434,0.438,NA,NA,0.403,0.401,NA,NA,0.873,0.873,0.804,0.804,0.127,0.127,0.196,0.0286,"MEX_2018"
"MEX","rural","5","male",124737789,0.0142910410689258,2018,11129.6925708253,767375.875,47901.3849950138,1681576.54570007,0.694,0.196,0.0376,0.928,0.89,0.89,0.11,0.046,NA,0.633,NA,0.936,1,0.523,0.11,NA,NA,0.925,0.512,0.417,NA,NA,0.488,0.384,NA,NA,0.929,0.929,0.872,0.872,0.0711,0.0711,0.128,0.0158,"MEX_2018"
"MEX","rural","total","male",124737789,0.214639926677788,2018,2281.66242018327,767375.875,12130.7093253109,1681576.54570007,0.393,0.425,0.0279,0.846,0.818,0.818,0.182,0.0582,NA,0.5,NA,0.877,1,0.269,0.231,NA,NA,0.851,0.32,0.482,NA,NA,0.288,0.43,NA,NA,0.801,0.801,0.718,0.718,0.199,0.199,0.282,0.0529,"MEX_2018"
"MEX","urban","1","all",124737789,0.0972745498148825,2018,1102.90250992722,1524.892578125,6568.60026480444,19427.2195577621,0.61,0.299,0.034,0.944,0.91,0.91,0.0905,0.0477,NA,0.543,NA,0.957,1,0.416,0.128,NA,NA,0.862,0.805,0.148,NA,NA,0.712,0.124,NA,NA,0.953,0.953,0.836,0.836,0.047,0.047,0.164,0.0202,"MEX_2018"
"MEX","urban","2","all",124737789,0.144198366051091,2018,1940.98692947085,2354.36995442708,11375.7946567829,37470.7988815308,0.753,0.194,0.0186,0.965,0.946,0.946,0.0536,0.0305,NA,0.61,NA,0.977,1,0.518,0.0918,NA,NA,0.902,0.868,0.106,NA,NA,0.792,0.0964,NA,NA,0.974,0.974,0.888,0.888,0.0257,0.0257,0.112,0.0121,"MEX_2018"
"MEX","urban","3","all",124737789,0.16118926017265,2018,2852.39575724689,3429.39436702728,15863.3827917783,53644.6860351562,0.825,0.139,0.0147,0.978,0.964,0.964,0.0364,0.0216,NA,0.683,NA,0.985,1,0.614,0.0696,NA,NA,0.925,0.891,0.0904,NA,NA,0.827,0.0838,NA,NA,0.981,0.981,0.911,0.911,0.019,0.019,0.0891,0.00678,"MEX_2018"
"MEX","urban","4","all",124737789,0.172206631797452,2018,4291.38906643106,5521.97515106201,21381.9470115326,59678.7648544312,0.898,0.0752,0.0121,0.985,0.973,0.973,0.0269,0.0167,NA,0.717,NA,0.99,1,0.679,0.0382,NA,NA,0.945,0.91,0.0775,NA,NA,0.862,0.0744,NA,NA,0.988,0.988,0.937,0.937,0.0122,0.0122,0.0632,0.00438,"MEX_2018"
"MEX","urban","5","all",124737789,0.1826824054912,2018,11656.3272390709,348564.333333333,45063.4492627368,1338812.64453125,0.958,0.0282,0.00644,0.993,0.986,0.986,0.0138,0.0086,NA,0.789,NA,0.995,1,0.773,0.0161,NA,NA,0.96,0.94,0.0556,NA,NA,0.905,0.0527,NA,NA,0.996,0.996,0.957,0.957,0.00424,0.00424,0.0427,0.00283,"MEX_2018"
"MEX","urban","total","all",124737789,0.740622470111778,2018,4386.69263387471,348564.333333333,20273.1544758215,1338812.64453125,0.832,0.129,0.0154,0.976,0.961,0.961,0.039,0.0224,NA,0.685,NA,0.983,1,0.623,0.0612,NA,NA,0.926,0.892,0.0896,NA,NA,0.832,0.0817,NA,NA,0.981,0.981,0.914,0.914,0.0188,0.0188,0.086,0.00803,"MEX_2018"
"MEX","urban","1","female",124737789,0.026267955067226,2018,1113.28183258162,1524.83407592773,6870.56190374231,19427.2195577621,0.624,0.293,0.0212,0.938,0.917,0.917,0.0833,0.0328,NA,0.567,NA,0.95,1,0.44,0.127,NA,NA,0.863,0.803,0.151,NA,NA,0.709,0.132,NA,NA,0.953,0.953,0.84,0.84,0.0466,0.0466,0.16,0.0195,"MEX_2018"
"MEX","urban","2","female",124737789,0.0371251976253866,2018,1943.5213969501,2353.95789813995,11665.8051280787,37470.7988815308,0.767,0.18,0.0158,0.963,0.948,0.948,0.0524,0.0328,NA,0.622,NA,0.98,1,0.531,0.0902,NA,NA,0.904,0.883,0.0929,NA,NA,0.809,0.0832,NA,NA,0.976,0.976,0.892,0.892,0.024,0.024,0.108,0.0125,"MEX_2018"
"MEX","urban","3","female",124737789,0.0404735756430266,2018,2841.38653903122,3429.02108764648,15529.0416806179,51178.1368255615,0.825,0.14,0.0123,0.977,0.965,0.965,0.0352,0.0199,NA,0.685,NA,0.985,1,0.623,0.0627,NA,NA,0.916,0.901,0.0798,NA,NA,0.83,0.0717,NA,NA,0.981,0.981,0.902,0.902,0.0194,0.0194,0.098,0.00782,"MEX_2018"
"MEX","urban","4","female",124737789,0.0419008148933741,2018,4292.91564131778,5521.47607421875,20528.3902123121,57759.0806522369,0.895,0.0828,0.00888,0.987,0.978,0.978,0.0218,0.0111,NA,0.712,NA,0.989,1,0.673,0.0393,NA,NA,0.953,0.914,0.0737,NA,NA,0.871,0.071,NA,NA,0.988,0.988,0.942,0.942,0.012,0.012,0.0582,0.00331,"MEX_2018"
"MEX","urban","5","female",124737789,0.0447531190248928,2018,10576.5050836515,282314.10546875,37492.4195181662,353268.034362793,0.959,0.0321,0.00384,0.995,0.991,0.991,0.00857,0.00487,NA,0.797,NA,0.996,1,0.781,0.0158,NA,NA,0.957,0.948,0.0484,NA,NA,0.908,0.0461,NA,NA,0.996,0.996,0.954,0.954,0.00361,0.00361,0.046,0.00357,"MEX_2018"
"MEX","urban","total","female",124737789,0.186975756650104,2018,4103.3935352545,282314.10546875,18403.2434185649,353268.034362793,0.836,0.129,0.0113,0.976,0.965,0.965,0.0354,0.0184,NA,0.691,NA,0.983,1,0.631,0.0598,NA,NA,0.925,0.899,0.0827,NA,NA,0.838,0.0755,NA,NA,0.982,0.982,0.914,0.914,0.0184,0.0184,0.0865,0.00822,"MEX_2018"
"MEX","urban","1","male",124737789,0.0710065947476565,2018,1099.06281613423,1524.892578125,6456.89353119985,18924.7730093002,0.605,0.302,0.039,0.946,0.907,0.907,0.0932,0.0534,NA,0.534,NA,0.96,1,0.406,0.128,NA,NA,0.862,0.806,0.147,NA,NA,0.713,0.121,NA,NA,0.953,0.953,0.834,0.834,0.0472,0.0472,0.166,0.0205,"MEX_2018"
"MEX","urban","2","male",124737789,0.107073168425705,2018,1940.10816023832,2354.36995442708,11275.2400900452,36313.3155770302,0.747,0.199,0.0196,0.966,0.946,0.946,0.054,0.0297,NA,0.606,NA,0.976,1,0.514,0.0923,NA,NA,0.901,0.862,0.111,NA,NA,0.786,0.101,NA,NA,0.974,0.974,0.887,0.887,0.0263,0.0263,0.113,0.0119,"MEX_2018"
"MEX","urban","3","male",124737789,0.120715684529623,2018,2856.0869298394,3429.39436702728,15975.4807375079,53644.6860351562,0.825,0.139,0.0155,0.979,0.963,0.963,0.0369,0.0222,NA,0.683,NA,0.985,1,0.611,0.0721,NA,NA,0.929,0.887,0.0942,NA,NA,0.826,0.0882,NA,NA,0.981,0.981,0.914,0.914,0.0189,0.0189,0.0859,0.00641,"MEX_2018"
"MEX","urban","4","male",124737789,0.130305816904078,2018,4290.89818480146,5521.97515106201,21656.4146162401,59678.7648544312,0.899,0.0725,0.0133,0.985,0.971,0.971,0.0288,0.0187,NA,0.719,NA,0.99,1,0.681,0.0378,NA,NA,0.943,0.909,0.0789,NA,NA,0.859,0.0755,NA,NA,0.988,0.988,0.935,0.935,0.0122,0.0122,0.065,0.00477,"MEX_2018"
"MEX","urban","5","male",124737789,0.137929286466307,2018,12006.6908977635,348564.333333333,47519.9775605362,1338812.64453125,0.958,0.0268,0.0074,0.992,0.984,0.984,0.0157,0.00999,NA,0.786,NA,0.994,1,0.77,0.0162,NA,NA,0.962,0.937,0.0583,NA,NA,0.903,0.0551,NA,NA,0.996,0.996,0.959,0.959,0.00447,0.00447,0.0414,0.00255,"MEX_2018"
"MEX","urban","total","male",124737789,0.553646713461674,2018,4482.36747856332,348564.333333333,20904.6547201071,1338812.64453125,0.831,0.129,0.0168,0.976,0.96,0.96,0.0404,0.0239,NA,0.682,NA,0.984,1,0.621,0.0617,NA,NA,0.926,0.889,0.0921,NA,NA,0.83,0.084,NA,NA,0.981,0.981,0.914,0.914,0.0189,0.0189,0.0858,0.00796,"MEX_2018"
