"iso","scope","quintile","gender","population","population_perc","year_survey","pais_c","zone","sex","quintileipc","population_prc","ave_income_pc","max_income_pc","ave_hh_income","max_hh_income","access_water_piped_house__hh","access_water_piped_plot__hh","water_trucked__hh","water_on_premises__hh","water_distr__hh","consume_distr__hh","consume_other_max__hh","consume_other_min__hh","consume_bottled__hh","water_dist_daily__hh","water_dist_continuity_jmp__hh","improved_w_access_min__hh","improved_w_access_max__hh","access_water_piped_house_daily__hh","access_water_piped_plot_daily__hh","treat_water__hh","water_meter__hh","access_san_exclusive__hh","access_sewer__hh","access_septic__hh","access_latrine_min__hh","access_latrine_max__hh","access_sewer_exclusive__hh","access_septic_exclusive__hh","access_latrine_exclusive_min__hh","access_latrine_exclusive_max__hh","improved_san_min__hh","improved_san_max__hh","improved_san_min_exclusive__hh","improved_san_max_exclusive__hh","access_latrines_unimproved_min__hh","access_latrines_unimproved_max__hh","access_latrines_unimproved_exclusive_min__hh","no_sanitation_access__hh","name"
NA,NA,NA,NA,18419192,NA,2017,"CHL","country","all","1",0.2,71900,106000,366000,1490000,0.86,0.0241,0.022,0.906,0.924,0.885,0.0908,0.0503,0,NA,NA,0.935,0.975,NA,NA,NA,0.874,NA,0.789,0.119,0.081,0.081,NA,NA,NA,NA,0.989,0.989,NA,NA,0.0112838257863553,0.0112838257863553,NA,0.0102222117399183,"NA_2017"
NA,NA,NA,NA,18419192,NA,2017,"CHL","country","all","2",0.2,133000,161000,662000,1900000,0.903,0.0186,0.011,0.933,0.954,0.922,0.0637,0.0365,0,NA,NA,0.958,0.985,NA,NA,NA,0.917,NA,0.838,0.105,0.0495,0.0495,NA,NA,NA,NA,0.993,0.993,NA,NA,0.0068138187962787,0.0068138187962787,NA,0.00605766377017829,"NA_2017"
NA,NA,NA,NA,18419192,NA,2017,"CHL","country","all","3",0.2,194000,235000,897000,3010000,0.931,0.0141,0.00712,0.952,0.967,0.945,0.0477,0.0259,0,NA,NA,0.971,0.993,NA,NA,NA,0.94,NA,0.872,0.0881,0.0352,0.0352,NA,NA,NA,NA,0.995,0.995,NA,NA,0.00466770668023401,0.00466770668023401,NA,0.00414264583494783,"NA_2017"
NA,NA,NA,NA,18419192,NA,2017,"CHL","country","all","4",0.2,297000,388000,1290000,6100000,0.946,0.014,0.00518,0.965,0.978,0.96,0.0349,0.0205,0,NA,NA,0.98,0.994,NA,NA,NA,0.956,NA,0.905,0.0687,0.0228,0.0228,NA,NA,NA,NA,0.996,0.996,NA,NA,0.0036321376798064,0.0036321376798064,NA,0.00267861730560861,"NA_2017"
NA,NA,NA,NA,18419192,NA,2017,"CHL","country","all","5",0.2,841000,48900000,2960000,87000000,0.965,0.0122,0.00182,0.979,0.985,0.977,0.0197,0.00918,0,NA,NA,0.986,0.996,NA,NA,NA,0.975,NA,0.943,0.0439,0.0114,0.0114,NA,NA,NA,NA,0.998,0.998,NA,NA,0.0020365666625297,0.0020365666625297,NA,0.00145477069882344,"NA_2017"
NA,NA,NA,NA,18419192,NA,2017,"CHL","country","all","total",1,280000,48900000,1140000,87000000,0.921,0.0166,0.00942,0.947,0.962,0.937,0.0514,0.0285,0,NA,NA,0.966,0.989,NA,NA,NA,0.933,NA,0.869,0.085,0.04,0.04,NA,NA,NA,NA,0.994,0.994,NA,NA,0.00568684481643432,0.00568684481643432,NA,0.00491121282405182,"NA_2017"
NA,NA,NA,NA,18419192,NA,2017,"CHL","country","female","1",0.0889,70000,106000,348000,1130000,0.893,0.0269,0.0178,0.938,0.95,0.92,0.0634,0.0392,0,NA,NA,0.959,0.983,NA,NA,NA,0.91,NA,0.847,0.0836,0.0577,0.0577,NA,NA,NA,NA,0.988,0.988,NA,NA,0.0116871075044424,0.0116871075044424,NA,0.0105988931443706,"NA_2017"
NA,NA,NA,NA,18419192,NA,2017,"CHL","country","female","2",0.079,133000,161000,645000,1900000,0.928,0.018,0.00836,0.955,0.969,0.946,0.0445,0.0264,0,NA,NA,0.973,0.991,NA,NA,NA,0.942,NA,0.88,0.0759,0.0378,0.0378,NA,NA,NA,NA,0.994,0.994,NA,NA,0.00631493886744535,0.00631493886744535,NA,0.00561961772102454,"NA_2017"
NA,NA,NA,NA,18419192,NA,2017,"CHL","country","female","3",0.0751,193000,235000,859000,2300000,0.944,0.0128,0.0049,0.962,0.976,0.957,0.0371,0.0207,0,NA,NA,0.978,0.994,NA,NA,NA,0.953,NA,0.904,0.0657,0.0277,0.0277,NA,NA,NA,NA,0.997,0.997,NA,NA,0.00284719181849819,0.00284719181849819,NA,0.00273984328517383,"NA_2017"
NA,NA,NA,NA,18419192,NA,2017,"CHL","country","female","4",0.0671,294000,388000,1180000,4190000,0.956,0.0133,0.00329,0.973,0.985,0.969,0.0269,0.0169,0,NA,NA,0.986,0.996,NA,NA,NA,0.967,NA,0.924,0.0529,0.0186,0.0186,NA,NA,NA,NA,0.996,0.996,NA,NA,0.00424471324792868,0.00424471324792868,NA,0.0026725685889673,"NA_2017"
NA,NA,NA,NA,18419192,NA,2017,"CHL","country","female","5",0.0588,806000,22000000,2630000,79800000,0.971,0.0133,0.00219,0.987,0.99,0.984,0.0127,0.00632,0,NA,NA,0.991,0.997,NA,NA,NA,0.983,NA,0.959,0.0306,0.00923,0.00923,NA,NA,NA,NA,0.999,0.999,NA,NA,0.00125599451929664,0.00125599451929664,NA,0.000734769867985475,"NA_2017"
NA,NA,NA,NA,18419192,NA,2017,"CHL","country","female","total",0.374,244000,22000000,959000,79800000,0.935,0.0174,0.00793,0.961,0.972,0.953,0.039,0.0232,0,NA,NA,0.976,0.992,NA,NA,NA,0.948,NA,0.898,0.064,0.0322,0.0322,NA,NA,NA,NA,0.994,0.994,NA,NA,0.00566602838764841,0.00566602838764841,NA,0.00486436249796123,"NA_2017"
NA,NA,NA,NA,18419192,NA,2017,"CHL","country","male","1",0.111,73500,106000,380000,1490000,0.832,0.0217,0.0256,0.879,0.902,0.854,0.115,0.0599,0,NA,NA,0.914,0.968,NA,NA,NA,0.843,NA,0.739,0.149,0.101,0.101,NA,NA,NA,NA,0.989,0.989,NA,NA,0.0109348403349901,0.0109348403349901,NA,0.00989624524042717,"NA_2017"
NA,NA,NA,NA,18419192,NA,2017,"CHL","country","male","2",0.121,133000,160000,674000,1840000,0.885,0.019,0.0128,0.917,0.942,0.904,0.0775,0.0438,0,NA,NA,0.948,0.981,NA,NA,NA,0.898,NA,0.808,0.126,0.0579,0.0579,NA,NA,NA,NA,0.993,0.993,NA,NA,0.00717264950663294,0.00717264950663294,NA,0.00637273833201383,"NA_2017"
NA,NA,NA,NA,18419192,NA,2017,"CHL","country","male","3",0.125,195000,235000,919000,3010000,0.922,0.0151,0.0086,0.945,0.962,0.937,0.0548,0.0294,0,NA,NA,0.966,0.991,NA,NA,NA,0.932,NA,0.851,0.103,0.0401,0.0401,NA,NA,NA,NA,0.994,0.994,NA,NA,0.00588233091224345,0.00588233091224345,NA,0.00507857775480894,"NA_2017"
NA,NA,NA,NA,18419192,NA,2017,"CHL","country","male","4",0.133,298000,388000,1350000,6100000,0.94,0.0144,0.00627,0.96,0.975,0.954,0.0395,0.0226,0,NA,NA,0.977,0.993,NA,NA,NA,0.951,NA,0.894,0.0777,0.0253,0.0253,NA,NA,NA,NA,0.997,0.997,NA,NA,0.00328292925280848,0.00328292925280848,NA,0.00268206547255093,"NA_2017"
NA,NA,NA,NA,18419192,NA,2017,"CHL","country","male","5",0.141,856000,48900000,3090000,87000000,0.962,0.0116,0.00164,0.975,0.983,0.973,0.0229,0.0105,0,NA,NA,0.984,0.996,NA,NA,NA,0.972,NA,0.935,0.0502,0.0124,0.0124,NA,NA,NA,NA,0.998,0.998,NA,NA,0.00240753443950676,0.00240753443950676,NA,0.00179695189239166,"NA_2017"
NA,NA,NA,NA,18419192,NA,2017,"CHL","country","male","total",0.626,302000,48900000,1250000,87000000,0.911,0.0161,0.0104,0.938,0.955,0.928,0.0594,0.0319,0,NA,NA,0.959,0.987,NA,NA,NA,0.923,NA,0.851,0.0986,0.045,0.045,NA,NA,NA,NA,0.994,0.994,NA,NA,0.00570035280314185,0.00570035280314185,NA,0.00494161446443805,"NA_2017"
NA,NA,NA,NA,18419192,NA,2017,"CHL","rural","all","1",0.04,70000,106000,335000,995000,0.449,0.0223,0.0985,0.57,0.652,0.471,0.416,0.227,0,NA,NA,0.698,0.887,NA,NA,NA,0.461,NA,0.143,0.495,0.334,0.334,NA,NA,NA,NA,0.972,0.972,NA,NA,0.0277331042677466,0.0277331042677466,NA,0.0241223405336343,"NA_2017"
NA,NA,NA,NA,18419192,NA,2017,"CHL","rural","all","2",0.0303,132000,160000,614000,1840000,0.521,0.022,0.0651,0.608,0.725,0.543,0.371,0.209,0,NA,NA,0.752,0.914,NA,NA,NA,0.531,NA,0.173,0.542,0.264,0.264,NA,NA,NA,NA,0.979,0.979,NA,NA,0.021273365070546,0.021273365070546,NA,0.0181847671732082,"NA_2017"
NA,NA,NA,NA,18419192,NA,2017,"CHL","rural","all","3",0.0225,193000,235000,823000,2030000,0.561,0.0133,0.0542,0.629,0.75,0.575,0.369,0.197,0,NA,NA,0.772,0.944,NA,NA,NA,0.566,NA,0.166,0.593,0.224,0.224,NA,NA,NA,NA,0.984,0.984,NA,NA,0.0162943081177177,0.0162943081177177,NA,0.0134062984570241,"NA_2017"
NA,NA,NA,NA,18419192,NA,2017,"CHL","rural","all","4",0.0164,294000,388000,1190000,3250000,0.567,0.0128,0.0537,0.634,0.774,0.58,0.361,0.209,0,NA,NA,0.789,0.941,NA,NA,NA,0.567,NA,0.168,0.633,0.18,0.18,NA,NA,NA,NA,0.981,0.981,NA,NA,0.0193268539204267,0.0193268539204267,NA,0.0127806101341073,"NA_2017"
NA,NA,NA,NA,18419192,NA,2017,"CHL","rural","all","5",0.0109,907000,21800000,3270000,87000000,0.599,0.00558,0.0316,0.636,0.75,0.604,0.337,0.157,0,NA,NA,0.761,0.941,NA,NA,NA,0.592,NA,0.276,0.587,0.119,0.119,NA,NA,NA,NA,0.982,0.982,NA,NA,0.0177465035776745,0.0177465035776745,NA,0.0143158568104787,"NA_2017"
NA,NA,NA,NA,18419192,NA,2017,"CHL","rural","all","total",0.125,197000,21800000,815000,87000000,0.518,0.0177,0.0695,0.605,0.715,0.536,0.381,0.208,0,NA,NA,0.744,0.917,NA,NA,NA,0.525,NA,0.17,0.553,0.255,0.255,NA,NA,NA,NA,0.978,0.978,NA,NA,0.0218600805979989,0.0218600805979989,NA,0.0181283471739308,"NA_2017"
NA,NA,NA,NA,18419192,NA,2017,"CHL","rural","female","1",0.0119,68300,106000,329000,995000,0.462,0.0183,0.11,0.591,0.674,0.481,0.415,0.25,0,NA,NA,0.731,0.895,NA,NA,NA,0.472,NA,0.153,0.481,0.33,0.33,NA,NA,NA,NA,0.964,0.964,NA,NA,0.035677251684506,0.035677251684506,NA,0.0319199246799113,"NA_2017"
NA,NA,NA,NA,18419192,NA,2017,"CHL","rural","female","2",0.00812,133000,160000,599000,1580000,0.545,0.0187,0.0732,0.637,0.741,0.564,0.363,0.208,0,NA,NA,0.772,0.927,NA,NA,NA,0.551,NA,0.188,0.521,0.276,0.276,NA,NA,NA,NA,0.985,0.985,NA,NA,0.0153550979165664,0.0153550979165664,NA,0.0133462445267767,"NA_2017"
NA,NA,NA,NA,18419192,NA,2017,"CHL","rural","female","3",0.00633,192000,234000,814000,2030000,0.551,0.0137,0.0453,0.61,0.752,0.565,0.372,0.201,0,NA,NA,0.766,0.937,NA,NA,NA,0.557,NA,0.183,0.579,0.228,0.228,NA,NA,NA,NA,0.99,0.99,NA,NA,0.00966999473688345,0.00966999473688345,NA,0.00846811886788006,"NA_2017"
NA,NA,NA,NA,18419192,NA,2017,"CHL","rural","female","4",0.00454,295000,387000,1220000,3250000,0.58,0.00942,0.0448,0.635,0.8,0.59,0.358,0.228,0,NA,NA,0.818,0.948,NA,NA,NA,0.572,NA,0.172,0.622,0.175,0.175,NA,NA,NA,NA,0.97,0.97,NA,NA,0.0303574783915821,0.0303574783915821,NA,0.0167230364524615,"NA_2017"
NA,NA,NA,NA,18419192,NA,2017,"CHL","rural","female","5",0.00228,792000,5210000,2640000,10000000,0.616,0.0101,0.0542,0.68,0.765,0.626,0.311,0.157,0,NA,NA,0.783,0.937,NA,NA,NA,0.617,NA,0.362,0.511,0.116,0.116,NA,NA,NA,NA,0.989,0.989,NA,NA,0.010512046043713,0.010512046043713,NA,0.00594572740029015,"NA_2017"
NA,NA,NA,NA,18419192,NA,2017,"CHL","rural","female","total",0.0348,175000,5210000,722000,10000000,0.526,0.0158,0.076,0.618,0.729,0.542,0.379,0.221,0,NA,NA,0.763,0.921,NA,NA,NA,0.531,NA,0.184,0.531,0.262,0.262,NA,NA,NA,NA,0.977,0.977,NA,NA,0.0230849431935963,0.0230849431935963,NA,0.0189298376806342,"NA_2017"
NA,NA,NA,NA,18419192,NA,2017,"CHL","rural","male","1",0.0281,70700,106000,337000,850000,0.443,0.0241,0.0931,0.56,0.642,0.467,0.416,0.217,0,NA,NA,0.684,0.883,NA,NA,NA,0.456,NA,0.138,0.501,0.336,0.336,NA,NA,NA,NA,0.976,0.976,NA,NA,0.024125865859713,0.024125865859713,NA,0.0205816528365525,"NA_2017"
NA,NA,NA,NA,18419192,NA,2017,"CHL","rural","male","2",0.0222,131000,160000,619000,1840000,0.511,0.0233,0.0618,0.596,0.719,0.534,0.375,0.21,0,NA,NA,0.744,0.909,NA,NA,NA,0.523,NA,0.167,0.55,0.259,0.259,NA,NA,NA,NA,0.976,0.976,NA,NA,0.0236542644699688,0.0236542644699688,NA,0.0201312889106118,"NA_2017"
NA,NA,NA,NA,18419192,NA,2017,"CHL","rural","male","3",0.0162,193000,235000,827000,1890000,0.566,0.0132,0.0579,0.637,0.749,0.579,0.368,0.195,0,NA,NA,0.774,0.947,NA,NA,NA,0.569,NA,0.159,0.599,0.223,0.223,NA,NA,NA,NA,0.981,0.981,NA,NA,0.0190670024791378,0.0190670024791378,NA,0.0154732391217145,"NA_2017"
NA,NA,NA,NA,18419192,NA,2017,"CHL","rural","male","4",0.0119,293000,388000,1170000,2990000,0.562,0.0141,0.0571,0.633,0.764,0.576,0.363,0.202,0,NA,NA,0.778,0.939,NA,NA,NA,0.565,NA,0.167,0.636,0.182,0.182,NA,NA,NA,NA,0.985,0.985,NA,NA,0.0152265206876381,0.0152265206876381,NA,0.0113151208779696,"NA_2017"
NA,NA,NA,NA,18419192,NA,2017,"CHL","rural","male","5",0.00861,938000,21800000,3430000,87000000,0.594,0.00433,0.0253,0.623,0.746,0.598,0.344,0.157,0,NA,NA,0.755,0.942,NA,NA,NA,0.585,NA,0.252,0.608,0.12,0.12,NA,NA,NA,NA,0.98,0.98,NA,NA,0.0197504512694836,0.0197504512694836,NA,0.016634386075866,"NA_2017"
NA,NA,NA,NA,18419192,NA,2017,"CHL","rural","male","total",0.0904,205000,21800000,850000,87000000,0.515,0.0185,0.0668,0.6,0.709,0.533,0.382,0.203,0,NA,NA,0.737,0.915,NA,NA,NA,0.523,NA,0.164,0.562,0.252,0.252,NA,NA,NA,NA,0.979,0.979,NA,NA,0.0213633513317612,0.0213633513317612,NA,0.0178033117024238,"NA_2017"
NA,NA,NA,NA,18419192,NA,2017,"CHL","urban","all","1",0.16,72400,106000,374000,1490000,0.968,0.0246,0.002,0.995,0.995,0.993,0.00587,0.00407,0,NA,NA,0.997,0.998,NA,NA,NA,0.982,NA,0.958,0.0205,0.0148,0.0148,NA,NA,NA,NA,0.993,0.993,NA,NA,0.00698391740425934,0.00698391740425934,NA,0.00658866146718579,"NA_2017"
NA,NA,NA,NA,18419192,NA,2017,"CHL","urban","all","2",0.17,133000,161000,671000,1900000,0.977,0.0179,0.000446,0.996,0.998,0.995,0.00393,0.00294,0,NA,NA,0.998,0.999,NA,NA,NA,0.991,NA,0.968,0.0205,0.0078,0.0078,NA,NA,NA,NA,0.996,0.996,NA,NA,0.00400350382039835,0.00400350382039835,NA,0.00370067554515797,"NA_2017"
NA,NA,NA,NA,18419192,NA,2017,"CHL","urban","all","3",0.177,194000,235000,906000,3010000,0.982,0.0143,0.000629,0.996,0.998,0.996,0.00334,0.00229,0,NA,NA,0.998,0.999,NA,NA,NA,0.992,NA,0.969,0.0185,0.0091,0.0091,NA,NA,NA,NA,0.997,0.997,NA,NA,0.00306512381739223,0.00306512381739223,NA,0.00286576617073257,"NA_2017"
NA,NA,NA,NA,18419192,NA,2017,"CHL","urban","all","4",0.184,297000,388000,1300000,6100000,0.982,0.0141,0.000487,0.997,0.998,0.996,0.00329,0.0023,0,NA,NA,0.999,1,NA,NA,NA,0.994,NA,0.976,0.0141,0.00763,0.00763,NA,NA,NA,NA,0.998,0.998,NA,NA,0.00211343963455324,0.00211343963455324,NA,0.00170109872377563,"NA_2017"
NA,NA,NA,NA,18419192,NA,2017,"CHL","urban","all","5",0.189,837000,48900000,2940000,79800000,0.986,0.0125,0.000106,0.998,0.999,0.998,0.0014,0.000665,0,NA,NA,0.999,1,NA,NA,NA,0.997,NA,0.981,0.0126,0.00514,0.00514,NA,NA,NA,NA,0.999,0.999,NA,NA,0.00113227885596184,0.00113227885596184,NA,0.000714467067255226,"NA_2017"
NA,NA,NA,NA,18419192,NA,2017,"CHL","urban","all","total",0.875,292000,48900000,1190000,79800000,0.979,0.0164,0.000699,0.996,0.998,0.996,0.00348,0.00239,0,NA,NA,0.998,0.999,NA,NA,NA,0.992,NA,0.971,0.0171,0.00872,0.00872,NA,NA,NA,NA,0.997,0.997,NA,NA,0.00333929549591564,0.00333929549591564,NA,0.00299274238428798,"NA_2017"
NA,NA,NA,NA,18419192,NA,2017,"CHL","urban","female","1",0.077,70300,106000,351000,1130000,0.963,0.0283,0.00278,0.994,0.994,0.991,0.00641,0.00502,0,NA,NA,0.996,0.998,NA,NA,NA,0.981,NA,0.959,0.0192,0.0136,0.0136,NA,NA,NA,NA,0.992,0.992,NA,NA,0.00779805382746094,0.00779805382746094,NA,0.00714253058698167,"NA_2017"
NA,NA,NA,NA,18419192,NA,2017,"CHL","urban","female","2",0.0708,133000,161000,650000,1900000,0.977,0.0179,0.000218,0.995,0.998,0.995,0.0045,0.00364,0,NA,NA,0.998,0.999,NA,NA,NA,0.991,NA,0.967,0.0201,0.0079,0.0079,NA,NA,NA,NA,0.995,0.995,NA,NA,0.00517944088328505,0.00517944088328505,NA,0.00464910723391718,"NA_2017"
NA,NA,NA,NA,18419192,NA,2017,"CHL","urban","female","3",0.0687,193000,235000,864000,2300000,0.983,0.0127,0.000934,0.997,0.998,0.996,0.0042,0.00298,0,NA,NA,0.999,1,NA,NA,NA,0.992,NA,0.974,0.0154,0.00807,0.00807,NA,NA,NA,NA,0.998,0.998,NA,NA,0.00217802818724417,0.00217802818724417,NA,0.00217802818724417,"NA_2017"
NA,NA,NA,NA,18419192,NA,2017,"CHL","urban","female","4",0.0626,294000,388000,1170000,4190000,0.983,0.0136,0.000358,0.996,0.998,0.996,0.00351,0.00202,0,NA,NA,0.998,1,NA,NA,NA,0.995,NA,0.977,0.0127,0.00756,0.00756,NA,NA,NA,NA,0.998,0.998,NA,NA,0.00240400137087681,0.00240400137087681,NA,0.00168213870028295,"NA_2017"
NA,NA,NA,NA,18419192,NA,2017,"CHL","urban","female","5",0.0565,807000,22000000,2630000,79800000,0.985,0.0134,0.000211,0.998,0.999,0.998,0.0014,0.000589,0,NA,NA,0.999,0.999,NA,NA,NA,0.997,NA,0.982,0.0123,0.00516,0.00516,NA,NA,NA,NA,0.999,0.999,NA,NA,0.000903867085395082,0.000903867085395082,NA,0.000536529711350634,"NA_2017"
NA,NA,NA,NA,18419192,NA,2017,"CHL","urban","female","total",0.339,251000,22000000,983000,79800000,0.977,0.0176,0.000962,0.996,0.997,0.995,0.00414,0.00298,0,NA,NA,0.998,0.999,NA,NA,NA,0.991,NA,0.971,0.0162,0.00867,0.00867,NA,NA,NA,NA,0.996,0.996,NA,NA,0.00388144088247602,0.00388144088247602,NA,0.00342333867156651,"NA_2017"
NA,NA,NA,NA,18419192,NA,2017,"CHL","urban","male","1",0.0829,74400,106000,395000,1490000,0.973,0.0208,0.0012,0.995,0.996,0.994,0.00532,0.0031,0,NA,NA,0.997,0.999,NA,NA,NA,0.984,NA,0.956,0.0218,0.016,0.016,NA,NA,NA,NA,0.994,0.994,NA,NA,0.00615813977379252,0.00615813977379252,NA,0.00602687266091279,"NA_2017"
NA,NA,NA,NA,18419192,NA,2017,"CHL","urban","male","2",0.0989,133000,160000,686000,1680000,0.978,0.0179,0.000629,0.997,0.998,0.996,0.00347,0.00238,0,NA,NA,0.998,1,NA,NA,NA,0.992,NA,0.968,0.0209,0.00771,0.00771,NA,NA,NA,NA,0.997,0.997,NA,NA,0.00306478196446373,0.00306478196446373,NA,0.00294356567661304,"NA_2017"
NA,NA,NA,NA,18419192,NA,2017,"CHL","urban","male","3",0.109,195000,235000,933000,3010000,0.981,0.0154,0.000413,0.996,0.997,0.996,0.00273,0.0018,0,NA,NA,0.998,0.999,NA,NA,NA,0.992,NA,0.966,0.0207,0.00982,0.00982,NA,NA,NA,NA,0.996,0.996,NA,NA,0.00369359583863238,0.00369359583863238,NA,0.00335300121718911,"NA_2017"
NA,NA,NA,NA,18419192,NA,2017,"CHL","urban","male","4",0.121,298000,388000,1360000,6100000,0.982,0.0145,0.000562,0.997,0.998,0.996,0.00316,0.00246,0,NA,NA,0.999,1,NA,NA,NA,0.994,NA,0.975,0.015,0.00768,0.00768,NA,NA,NA,NA,0.998,0.998,NA,NA,0.00194132672200192,0.00194132672200192,NA,0.00171232960677714,"NA_2017"
NA,NA,NA,NA,18419192,NA,2017,"CHL","urban","male","5",0.133,850000,48900000,3070000,74900000,0.986,0.0121,0.0000553,0.998,0.999,0.998,0.0014,0.000702,0,NA,NA,0.999,1,NA,NA,NA,0.997,NA,0.981,0.0127,0.00513,0.00513,NA,NA,NA,NA,0.999,0.999,NA,NA,0.00124387016011182,0.00124387016011182,NA,0.000801398934002389,"NA_2017"
NA,NA,NA,NA,18419192,NA,2017,"CHL","urban","male","total",0.536,319000,48900000,1320000,74900000,0.981,0.0157,0.000518,0.997,0.998,0.996,0.00303,0.00198,0,NA,NA,0.998,0.999,NA,NA,NA,0.992,NA,0.971,0.0177,0.00875,0.00875,NA,NA,NA,NA,0.997,0.997,NA,NA,0.0029644451492806,0.0029644451492806,NA,0.00269501935362609,"NA_2017"
NA,NA,NA,NA,16776977,NA,2017,"ECU","country","all","1",0.2,49,80.7,316,1100,0.434,0.184,0.028,0.646,0.618,0.618,0.273,0.0395,0,NA,NA,0.658,0.891,NA,NA,NA,0.365,0.79,0.384,0.331,0,0,0.335,0.295,0,0,0.715,0.715,0.63,0.630238940334782,0.284694049714385,0.284694049714385,0.369761059665218,0.0905110313406833,"NA_2017"
NA,NA,NA,NA,16776977,NA,2017,"ECU","country","all","2",0.2,105,130,622,1720,0.633,0.138,0.0297,0.801,0.771,0.771,0.193,0.0375,0,NA,NA,0.809,0.965,NA,NA,NA,0.442,0.862,0.553,0.316,0,0,0.492,0.278,0,0,0.869,0.869,0.77,0.769540199780552,0.131311032218863,0.131311032218863,0.230459800219448,0.0221617622203243,"NA_2017"
NA,NA,NA,NA,16776977,NA,2017,"ECU","country","all","3",0.2,161,198,877,2840,0.737,0.102,0.0195,0.859,0.839,0.839,0.143,0.0288,0,NA,NA,0.868,0.982,NA,NA,NA,0.39,0.897,0.662,0.259,0,0,0.605,0.235,0,0,0.921,0.921,0.84,0.840400632959643,0.0789369674257823,0.0789369674257823,0.159599367040357,0.0093232175710799,"NA_2017"
NA,NA,NA,NA,16776977,NA,2017,"ECU","country","all","4",0.2,248,320,1250,3330,0.825,0.0679,0.0123,0.906,0.893,0.893,0.0966,0.0195,0,NA,NA,0.913,0.99,NA,NA,NA,0.473,0.906,0.762,0.187,0,0,0.708,0.165,0,0,0.95,0.95,0.873,0.8727223283514,0.0501870173514471,0.0501870173514471,0.127277671648601,0.00630525705896539,"NA_2017"
NA,NA,NA,NA,16776977,NA,2017,"ECU","country","all","5",0.2,564,50300,2290,50300,0.918,0.0297,0.00606,0.954,0.948,0.948,0.0456,0.00968,0,NA,NA,0.957,0.993,NA,NA,NA,0.563,0.944,0.861,0.122,0,0,0.822,0.111,0,0,0.984,0.984,0.933,0.933446432159455,0.0162303659979047,0.0162303659979047,0.0665535678405448,0.00212786130047302,"NA_2017"
NA,NA,NA,NA,16776977,NA,2017,"ECU","country","all","total",1,202,50300,981,50300,0.71,0.104,0.0191,0.833,0.814,0.814,0.15,0.027,0,NA,NA,0.841,0.964,NA,NA,NA,0.413,0.88,0.644,0.243,0,0,0.593,0.217,0,0,0.888,0.888,0.809,0.809268743943949,0.112272824903709,0.112272824903709,0.190731256056051,0.0260861268484403,"NA_2017"
NA,NA,NA,NA,16776977,NA,2017,"ECU","country","female","1",0.0438,51.3,80.6,314,925,0.553,0.2,0.0231,0.776,0.753,0.753,0.189,0.035,0,NA,NA,0.788,0.942,NA,NA,NA,0.463,0.794,0.51,0.283,0,0,0.44,0.246,0,0,0.793,0.793,0.685,0.68520854032387,0.20704487283875,0.20704487283875,0.31479145967613,0.0637291622625028,"NA_2017"
NA,NA,NA,NA,16776977,NA,2017,"ECU","country","female","2",0.0499,105,130,604,1520,0.696,0.132,0.0335,0.862,0.828,0.828,0.147,0.039,0,NA,NA,0.867,0.975,NA,NA,NA,0.326,0.836,0.614,0.285,0,0,0.536,0.237,0,0,0.9,0.9,0.773,0.773353739146162,0.10008858003476,0.10008858003476,0.226646260853838,0.0195537421383498,"NA_2017"
NA,NA,NA,NA,16776977,NA,2017,"ECU","country","female","3",0.0468,162,198,861,1820,0.762,0.105,0.0176,0.885,0.867,0.867,0.116,0.0246,0,NA,NA,0.892,0.983,NA,NA,NA,0.264,0.899,0.685,0.253,0,0,0.622,0.232,0,0,0.938,0.938,0.854,0.853651300052493,0.0621801251529183,0.0621801251529183,0.146348699947507,0.0120703325055093,"NA_2017"
NA,NA,NA,NA,16776977,NA,2017,"ECU","country","female","4",0.0453,249,320,1290,3070,0.847,0.0709,0.0131,0.931,0.918,0.918,0.0765,0.0217,0,NA,NA,0.94,0.994,NA,NA,NA,0.454,0.894,0.76,0.206,0,0,0.698,0.176,0,0,0.966,0.966,0.873,0.87348006899472,0.0341038254860535,0.0341038254860535,0.12651993100528,0.00185053807927881,"NA_2017"
NA,NA,NA,NA,16776977,NA,2017,"ECU","country","female","5",0.0393,560,50300,2040,50300,0.932,0.0325,0.00592,0.971,0.965,0.965,0.0311,0.00905,0,NA,NA,0.974,0.996,NA,NA,NA,0.63,0.937,0.888,0.101,0,0,0.846,0.0875,0,0,0.989,0.989,0.934,0.933565090629472,0.0106841691801868,0.0106841691801868,0.0664349093705275,0.00374815767675543,"NA_2017"
NA,NA,NA,NA,16776977,NA,2017,"ECU","country","female","total",0.227,193,50300,914,50300,0.754,0.11,0.0191,0.883,0.864,0.864,0.114,0.0264,0,NA,NA,0.89,0.978,NA,NA,NA,0.399,0.87,0.687,0.229,0,0,0.623,0.198,0,0,0.916,0.916,0.821,0.821044618344226,0.0844864793151894,0.0844864793151894,0.178955381655773,0.020523938296799,"NA_2017"
NA,NA,NA,NA,16776977,NA,2017,"ECU","country","male","1",0.156,48.3,80.7,317,1100,0.395,0.179,0.0296,0.604,0.574,0.574,0.3,0.0409,0,NA,NA,0.615,0.874,NA,NA,NA,0.345,0.789,0.343,0.347,0,0,0.302,0.311,0,0,0.69,0.69,0.612,0.612372424182407,0.309932004386467,0.309932004386467,0.387627575817593,0.0992158190155267,"NA_2017"
NA,NA,NA,NA,16776977,NA,2017,"ECU","country","male","2",0.15,105,130,628,1720,0.611,0.14,0.0283,0.779,0.751,0.751,0.21,0.0369,0,NA,NA,0.788,0.961,NA,NA,NA,0.468,0.871,0.531,0.327,0,0,0.476,0.292,0,0,0.857,0.857,0.768,0.768166814736291,0.142555297654142,0.142555297654142,0.231833185263709,0.0231009988276651,"NA_2017"
NA,NA,NA,NA,16776977,NA,2017,"ECU","country","male","3",0.153,161,198,881,2840,0.729,0.101,0.0201,0.85,0.83,0.83,0.151,0.0302,0,NA,NA,0.86,0.981,NA,NA,NA,0.423,0.897,0.654,0.261,0,0,0.599,0.237,0,0,0.916,0.916,0.836,0.836028023107467,0.0844665859046306,0.0844665859046306,0.163971976892533,0.00841669250761131,"NA_2017"
NA,NA,NA,NA,16776977,NA,2017,"ECU","country","male","4",0.155,248,320,1240,3330,0.819,0.0669,0.012,0.898,0.886,0.886,0.103,0.0188,0,NA,NA,0.904,0.988,NA,NA,NA,0.478,0.91,0.763,0.181,0,0,0.711,0.162,0,0,0.945,0.945,0.872,0.872483719011408,0.0552515467914081,0.0552515467914081,0.127516280988592,0.00770802932010595,"NA_2017"
NA,NA,NA,NA,16776977,NA,2017,"ECU","country","male","5",0.161,565,34700,2350,34700,0.914,0.0289,0.0061,0.949,0.943,0.943,0.0499,0.00986,0,NA,NA,0.953,0.993,NA,NA,NA,0.547,0.946,0.854,0.129,0,0,0.816,0.118,0,0,0.982,0.982,0.933,0.933412011424288,0.0178392201472876,0.0178392201472876,0.0665879885757118,0.00165784181975711,"NA_2017"
NA,NA,NA,NA,16776977,NA,2017,"ECU","country","male","total",0.773,204,34700,1000,34700,0.695,0.103,0.0191,0.817,0.798,0.798,0.162,0.0272,0,NA,NA,0.825,0.96,NA,NA,NA,0.416,0.883,0.631,0.248,0,0,0.583,0.223,0,0,0.879,0.879,0.805,0.805457629149208,0.121265528898726,0.121265528898726,0.194542370850792,0.0278862597608465,"NA_2017"
NA,NA,NA,NA,16776977,NA,2017,"ECU","rural","all","1",0.123,45.6,80.7,306,966,0.223,0.193,0.0291,0.446,0.417,0.417,0.404,0.0456,0,NA,NA,0.462,0.82,NA,NA,NA,0.375,0.748,0.163,0.396,0,0,0.143,0.361,0,0,0.559,0.559,0.504,0.504146478296611,0.440769094784555,0.440769094784555,0.495853521703389,0.15046015777724,"NA_2017"
NA,NA,NA,NA,16776977,NA,2017,"ECU","rural","all","2",0.072,103,130,636,1720,0.325,0.183,0.0277,0.535,0.508,0.508,0.402,0.0406,0,NA,NA,0.548,0.91,NA,NA,NA,0.434,0.839,0.228,0.489,0,0,0.2,0.434,0,0,0.717,0.717,0.634,0.633669433993543,0.283287867892891,0.283287867892891,0.366330566006457,0.0546225049621358,"NA_2017"
NA,NA,NA,NA,16776977,NA,2017,"ECU","rural","all","3",0.0565,160,198,881,2260,0.417,0.164,0.0246,0.605,0.581,0.581,0.36,0.0414,0,NA,NA,0.622,0.94,NA,NA,NA,0.41,0.874,0.32,0.464,0,0,0.286,0.425,0,0,0.785,0.785,0.711,0.711250328000018,0.215398942738442,0.215398942738442,0.288749671999982,0.0308605111903324,"NA_2017"
NA,NA,NA,NA,16776977,NA,2017,"ECU","rural","all","4",0.042,245,319,1230,3150,0.536,0.111,0.0236,0.671,0.648,0.648,0.312,0.0347,0,NA,NA,0.682,0.959,NA,NA,NA,0.46,0.885,0.451,0.371,0,0,0.419,0.342,0,0,0.822,0.822,0.761,0.76080738083974,0.178073899295952,0.178073899295952,0.23919261916026,0.0258249155562973,"NA_2017"
NA,NA,NA,NA,16776977,NA,2017,"ECU","rural","all","5",0.0274,533,23400,2140,23400,0.684,0.0571,0.0198,0.761,0.741,0.741,0.212,0.0244,0,NA,NA,0.766,0.953,NA,NA,NA,0.486,0.902,0.567,0.34,0,0,0.531,0.308,0,0,0.907,0.907,0.839,0.838830241824643,0.0928922524198002,0.0928922524198002,0.161169758175357,0.0134794639567991,"NA_2017"
NA,NA,NA,NA,16776977,NA,2017,"ECU","rural","all","total",0.342,131,23400,698,23400,0.364,0.163,0.0264,0.553,0.526,0.526,0.366,0.0404,0,NA,NA,0.567,0.893,NA,NA,NA,0.409,0.823,0.28,0.421,0,0,0.253,0.382,0,0,0.701,0.701,0.635,0.634533188636289,0.298798915131582,0.298798915131582,0.36546681136371,0.0785024285311039,"NA_2017"
NA,NA,NA,NA,16776977,NA,2017,"ECU","rural","female","1",0.0162,48,80,289,925,0.265,0.22,0.0153,0.5,0.485,0.485,0.371,0.0406,0,NA,NA,0.525,0.856,NA,NA,NA,0.468,0.698,0.2,0.354,0,0,0.174,0.307,0,0,0.554,0.554,0.48,0.480196833318363,0.446167412640833,0.446167412640833,0.519803166681638,0.154548189968477,"NA_2017"
NA,NA,NA,NA,16776977,NA,2017,"ECU","rural","female","2",0.012,104,130,611,1300,0.369,0.194,0.0287,0.592,0.563,0.563,0.347,0.0377,0,NA,NA,0.601,0.91,NA,NA,NA,0.339,0.812,0.236,0.476,0,0,0.209,0.402,0,0,0.712,0.712,0.611,0.611068667787254,0.288152465584635,0.288152465584635,0.388931332212746,0.0465231307847829,"NA_2017"
NA,NA,NA,NA,16776977,NA,2017,"ECU","rural","female","3",0.0115,162,198,820,1780,0.419,0.199,0.00894,0.627,0.618,0.618,0.325,0.029,0,NA,NA,0.647,0.943,NA,NA,NA,0.235,0.866,0.377,0.425,0,0,0.33,0.387,0,0,0.802,0.802,0.717,0.717253673357446,0.198361203313467,0.198361203313467,0.282746326642554,0.041193172481919,"NA_2017"
NA,NA,NA,NA,16776977,NA,2017,"ECU","rural","female","4",0.00696,243,318,1190,2710,0.621,0.126,0.0016,0.749,0.747,0.747,0.236,0.0229,0,NA,NA,0.77,0.983,NA,NA,NA,0.41,0.869,0.484,0.423,0,0,0.445,0.364,0,0,0.906,0.906,0.809,0.808862876769457,0.0935770783489924,0.0935770783489924,0.191137123230543,0.0101553072365249,"NA_2017"
NA,NA,NA,NA,16776977,NA,2017,"ECU","rural","female","5",0.00371,581,3450,2100,5680,0.672,0.0867,0.0444,0.803,0.759,0.759,0.202,0.0453,0,NA,NA,0.804,0.961,NA,NA,NA,0.619,0.882,0.528,0.39,0,0,0.497,0.358,0,0,0.918,0.918,0.855,0.855471121885395,0.0820247017505073,0.0820247017505073,0.144528878114605,0.0369193550527317,"NA_2017"
NA,NA,NA,NA,16776977,NA,2017,"ECU","rural","female","total",0.0532,139,3450,692,5680,0.404,0.186,0.0175,0.607,0.59,0.59,0.323,0.0354,0,NA,NA,0.625,0.913,NA,NA,NA,0.388,0.799,0.312,0.41,0,0,0.279,0.358,0,0,0.722,0.722,0.637,0.637175189590594,0.278126001858329,0.278126001858329,0.362824810409406,0.0755255902394243,"NA_2017"
NA,NA,NA,NA,16776977,NA,2017,"ECU","rural","male","1",0.107,45.2,80.7,309,966,0.215,0.188,0.0317,0.435,0.404,0.404,0.41,0.0466,0,NA,NA,0.45,0.813,NA,NA,NA,0.358,0.757,0.156,0.405,0,0,0.137,0.372,0,0,0.56,0.56,0.509,0.508725414017021,0.439736989695537,0.439736989695537,0.491274585982979,0.149678566373959,"NA_2017"
NA,NA,NA,NA,16776977,NA,2017,"ECU","rural","male","2",0.06,102,130,641,1720,0.315,0.18,0.0274,0.523,0.495,0.495,0.415,0.0413,0,NA,NA,0.537,0.91,NA,NA,NA,0.452,0.845,0.226,0.492,0,0,0.198,0.441,0,0,0.718,0.718,0.639,0.63881116229824,0.282181160296596,0.282181160296596,0.36118883770176,0.0564651319367218,"NA_2017"
NA,NA,NA,NA,16776977,NA,2017,"ECU","rural","male","3",0.045,160,198,897,2260,0.416,0.154,0.029,0.599,0.57,0.57,0.369,0.0449,0,NA,NA,0.615,0.939,NA,NA,NA,0.461,0.876,0.304,0.475,0,0,0.273,0.436,0,0,0.78,0.78,0.71,0.709575325109746,0.220152669382743,0.220152669382743,0.290424674890255,0.0279775790088277,"NA_2017"
NA,NA,NA,NA,16776977,NA,2017,"ECU","rural","male","4",0.0351,245,319,1240,3150,0.518,0.108,0.0285,0.654,0.626,0.626,0.328,0.0373,0,NA,NA,0.663,0.954,NA,NA,NA,0.471,0.889,0.444,0.359,0,0,0.413,0.337,0,0,0.803,0.803,0.75,0.750157369845035,0.196800000331698,0.196800000331698,0.249842630154965,0.0292975984962958,"NA_2017"
NA,NA,NA,NA,16776977,NA,2017,"ECU","rural","male","5",0.0237,525,23400,2140,23400,0.687,0.0513,0.015,0.753,0.738,0.738,0.214,0.0203,0,NA,NA,0.758,0.952,NA,NA,NA,0.451,0.907,0.574,0.33,0,0,0.537,0.298,0,0,0.905,0.905,0.836,0.835565175059297,0.0950245482107368,0.0950245482107368,0.164434824940703,0.00888037970637149,"NA_2017"
NA,NA,NA,NA,16776977,NA,2017,"ECU","rural","male","total",0.289,130,23400,700,23400,0.355,0.157,0.0284,0.541,0.512,0.512,0.376,0.0415,0,NA,NA,0.554,0.888,NA,NA,NA,0.414,0.828,0.273,0.424,0,0,0.247,0.387,0,0,0.697,0.697,0.634,0.633954903719798,0.303323831712853,0.303323831712853,0.366045096280202,0.0791540031189591,"NA_2017"
NA,NA,NA,NA,16776977,NA,2017,"ECU","urban","all","1",0.0771,54.3,80.7,332,1100,0.737,0.171,0.0265,0.935,0.908,0.908,0.0844,0.0306,0,NA,NA,0.939,0.993,NA,NA,NA,0.278,0.851,0.702,0.238,0,0,0.612,0.199,0,0,0.94,0.94,0.812,0.811707855050997,0.0600749996509925,0.0600749996509925,0.188292144949003,0.00423384445116143,"NA_2017"
NA,NA,NA,NA,16776977,NA,2017,"ECU","urban","all","2",0.128,106,130,615,1640,0.807,0.113,0.0308,0.951,0.92,0.92,0.0755,0.0357,0,NA,NA,0.955,0.995,NA,NA,NA,0.483,0.875,0.736,0.219,0,0,0.657,0.19,0,0,0.954,0.954,0.846,0.846115011169328,0.0456590712558641,0.0456590712558641,0.153884988830672,0.00386735401120049,"NA_2017"
NA,NA,NA,NA,16776977,NA,2017,"ECU","urban","all","3",0.143,162,198,875,2840,0.865,0.077,0.0175,0.959,0.942,0.942,0.0565,0.0238,0,NA,NA,0.965,0.998,NA,NA,NA,0.335,0.907,0.797,0.178,0,0,0.731,0.16,0,0,0.975,0.975,0.892,0.89157891343001,0.0248612976217129,0.0248612976217129,0.10842108656999,0.000788652718419841,"NA_2017"
NA,NA,NA,NA,16776977,NA,2017,"ECU","urban","all","4",0.158,249,320,1260,3330,0.904,0.056,0.0092,0.969,0.96,0.96,0.038,0.0153,0,NA,NA,0.976,0.998,NA,NA,NA,0.503,0.912,0.847,0.137,0,0,0.787,0.117,0,0,0.985,0.985,0.903,0.903216143100407,0.0153412798199373,0.0153412798199373,0.0967838568995927,0.000986674837233792,"NA_2017"
NA,NA,NA,NA,16776977,NA,2017,"ECU","urban","all","5",0.173,569,50300,2320,50300,0.956,0.0253,0.00383,0.985,0.981,0.981,0.0187,0.00729,0,NA,NA,0.988,1,NA,NA,NA,0.697,0.951,0.909,0.0873,0,0,0.87,0.0791,0,0,0.996,0.996,0.949,0.94874351442125,0.00383604765988752,0.00383604765988752,0.0512564855787502,0.000292589778521492,"NA_2017"
NA,NA,NA,NA,16776977,NA,2017,"ECU","urban","all","total",0.658,239,50300,1130,50300,0.871,0.0772,0.0157,0.963,0.948,0.948,0.0496,0.0207,0,NA,NA,0.968,0.997,NA,NA,NA,0.427,0.906,0.814,0.161,0,0,0.751,0.14,0,0,0.975,0.975,0.891,0.890562466706768,0.0254936903405176,0.0254936903405176,0.109437533293232,0.00170004074398292,"NA_2017"
NA,NA,NA,NA,16776977,NA,2017,"ECU","urban","female","1",0.0277,53.2,80.6,329,830,0.735,0.187,0.0279,0.95,0.922,0.922,0.0741,0.0315,0,NA,NA,0.954,0.996,NA,NA,NA,0.44,0.854,0.705,0.239,0,0,0.607,0.207,0,0,0.943,0.943,0.814,0.814128100631921,0.0566750566886855,0.0566750566886855,0.185871899368079,0.00661852555557361,"NA_2017"
NA,NA,NA,NA,16776977,NA,2017,"ECU","urban","female","2",0.0379,106,130,602,1520,0.807,0.111,0.0352,0.953,0.918,0.918,0.0792,0.0395,0,NA,NA,0.957,0.997,NA,NA,NA,0.292,0.844,0.742,0.221,0,0,0.647,0.182,0,0,0.963,0.963,0.828,0.828114742755637,0.0366288481618737,0.0366288481618737,0.171885257244363,0.0104532698851355,"NA_2017"
NA,NA,NA,NA,16776977,NA,2017,"ECU","urban","female","3",0.0354,162,198,874,1820,0.877,0.0735,0.0205,0.971,0.95,0.95,0.0461,0.0232,0,NA,NA,0.973,0.996,NA,NA,NA,0.39,0.91,0.788,0.196,0,0,0.719,0.18,0,0,0.983,0.983,0.899,0.899002171584042,0.0169012538827105,0.0169012538827105,0.100997828415958,0.00238727418253062,"NA_2017"
NA,NA,NA,NA,16776977,NA,2017,"ECU","urban","female","4",0.0383,251,320,1310,3070,0.891,0.0602,0.0154,0.966,0.951,0.951,0.0457,0.0214,0,NA,NA,0.972,0.997,NA,NA,NA,0.519,0.898,0.813,0.164,0,0,0.747,0.139,0,0,0.977,0.977,0.886,0.885990789306504,0.0225890380591038,0.0225890380591038,0.114009210693496,0.000242627852879066,"NA_2017"
NA,NA,NA,NA,16776977,NA,2017,"ECU","urban","female","5",0.0356,557,50300,2040,50300,0.962,0.0264,0.00157,0.99,0.988,0.988,0.0117,0.00495,0,NA,NA,0.993,1,NA,NA,NA,0.656,0.944,0.929,0.0688,0,0,0.886,0.0569,0,0,0.997,0.997,0.942,0.942389267373493,0.00262309252424058,0.00262309252424058,0.0576107326265067,0,"NA_2017"
NA,NA,NA,NA,16776977,NA,2017,"ECU","urban","female","total",0.173,210,50300,983,50300,0.86,0.0867,0.0196,0.967,0.947,0.947,0.0501,0.0237,0,NA,NA,0.971,0.997,NA,NA,NA,0.431,0.892,0.8,0.174,0,0,0.728,0.149,0,0,0.974,0.974,0.877,0.87696258536148,0.0255972528233162,0.0255972528233162,0.12303741463852,0.00379695665515166,"NA_2017"
NA,NA,NA,NA,16776977,NA,2017,"ECU","urban","male","1",0.0494,54.9,80.7,334,1100,0.738,0.162,0.0256,0.926,0.9,0.9,0.0904,0.03,0,NA,NA,0.93,0.991,NA,NA,NA,0.207,0.849,0.701,0.237,0,0,0.616,0.195,0,0,0.938,0.938,0.81,0.810302648753374,0.062049022989718,0.062049022989718,0.189697351246626,0.00284928706072419,"NA_2017"
NA,NA,NA,NA,16776977,NA,2017,"ECU","urban","male","2",0.0901,106,130,620,1640,0.807,0.114,0.0289,0.949,0.921,0.921,0.0739,0.0341,0,NA,NA,0.955,0.994,NA,NA,NA,0.555,0.888,0.733,0.217,0,0,0.661,0.193,0,0,0.95,0.95,0.854,0.854185082969524,0.049707596925896,0.049707596925896,0.145814917030476,0.00091468615363218,"NA_2017"
NA,NA,NA,NA,16776977,NA,2017,"ECU","urban","male","3",0.108,162,198,875,2840,0.86,0.0783,0.0164,0.955,0.939,0.939,0.0602,0.024,0,NA,NA,0.963,0.999,NA,NA,NA,0.325,0.906,0.801,0.172,0,0,0.736,0.153,0,0,0.972,0.972,0.889,0.888970856579771,0.0276579465016161,0.0276579465016161,0.111029143420229,0.00022699965801153,"NA_2017"
NA,NA,NA,NA,16776977,NA,2017,"ECU","urban","male","4",0.12,249,320,1240,3330,0.909,0.0546,0.00709,0.97,0.963,0.963,0.0353,0.0133,0,NA,NA,0.977,0.999,NA,NA,NA,0.496,0.917,0.859,0.128,0,0,0.8,0.109,0,0,0.987,0.987,0.909,0.90912156336549,0.0128565088890119,0.0128565088890119,0.0908784366345096,0.00124175872068573,"NA_2017"
NA,NA,NA,NA,16776977,NA,2017,"ECU","urban","male","5",0.137,572,34700,2390,34700,0.954,0.025,0.00453,0.983,0.979,0.979,0.0209,0.00801,0,NA,NA,0.987,1,NA,NA,NA,0.706,0.953,0.903,0.093,0,0,0.865,0.0859,0,0,0.996,0.996,0.951,0.950692114461231,0.00420801374934761,0.00420801374934761,0.0493078855387688,0.000382315665765118,"NA_2017"
NA,NA,NA,NA,16776977,NA,2017,"ECU","urban","male","total",0.485,249,34700,1180,34700,0.874,0.0736,0.0142,0.962,0.948,0.948,0.0494,0.0196,0,NA,NA,0.968,0.997,NA,NA,NA,0.425,0.912,0.819,0.155,0,0,0.759,0.136,0,0,0.975,0.975,0.896,0.895713654027812,0.0254544642814966,0.0254544642814966,0.104286345972188,0.000905798031075126,"NA_2017"
NA,NA,NA,NA,6953646,NA,2017,"PRY","country","all","1",0.2,208000,350000,1350000,3810000,0.458,0.279,0,0.737,0.737,0.702,0.198,0.198,NA,0.615,NA,0.899,0.9,0.377,0.222,NA,NA,NA,0.0215,0.228,0.0216,0.731,NA,NA,NA,NA,0.271,0.98,NA,NA,0.0196041856133875,0.728829330358471,NA,0.0173723133156767,"NA_2017"
NA,NA,NA,NA,6953646,NA,2017,"PRY","country","all","2",0.2,478000,603000,3040000,13500000,0.603,0.183,0,0.785,0.785,0.72,0.214,0.213,NA,0.688,NA,0.934,0.934,0.52,0.157,NA,NA,NA,0.0372,0.384,0.0136,0.553,NA,NA,NA,NA,0.435,0.975,NA,NA,0.0252604394005529,0.564799214316892,NA,0.0112840098937873,"NA_2017"
NA,NA,NA,NA,6953646,NA,2017,"PRY","country","all","3",0.2,760000,940000,4840000,11700000,0.694,0.1,0,0.794,0.794,0.654,0.291,0.291,NA,0.7,NA,0.946,0.946,0.609,0.0864,NA,NA,NA,0.0615,0.46,0.00411,0.461,NA,NA,NA,NA,0.526,0.983,NA,NA,0.0169105858857763,0.474047276094075,NA,0.00932120738196601,"NA_2017"
NA,NA,NA,NA,6953646,NA,2017,"PRY","country","all","4",0.2,1200000,1540000,6450000,18100000,0.776,0.0642,0,0.841,0.841,0.636,0.318,0.318,NA,0.747,NA,0.954,0.954,0.684,0.0586,NA,NA,NA,0.101,0.566,0.00277,0.319,NA,NA,NA,NA,0.67,0.986,NA,NA,0.0139086621596946,0.330422206718846,NA,0.00633488310511119,"NA_2017"
NA,NA,NA,NA,6953646,NA,2017,"PRY","country","all","5",0.2,3780000,132000000,18100000,735000000,0.82,0.0193,0,0.839,0.839,0.481,0.464,0.464,NA,0.756,NA,0.945,0.945,0.735,0.0165,NA,NA,NA,0.224,0.575,0.000679,0.198,NA,NA,NA,NA,0.799,0.996,NA,NA,0.00405477947505788,0.20122878268721,NA,0.00197726795612819,"NA_2017"
NA,NA,NA,NA,6953646,NA,2017,"PRY","country","all","total",1,1150000,132000000,6150000,735000000,0.67,0.129,0,0.799,0.799,0.639,0.297,0.297,NA,0.701,NA,0.936,0.936,0.585,0.108,NA,NA,NA,0.089,0.443,0.00856,0.453,NA,NA,NA,NA,0.54,0.984,NA,NA,0.0159460680063033,0.4599149052703,NA,0.0092595136335153,"NA_2017"
NA,NA,NA,NA,6953646,NA,2017,"PRY","country","female","1",0.0647,215000,350000,1390000,3810000,0.418,0.331,0,0.75,0.75,0.718,0.165,0.164,NA,0.666,NA,0.882,0.882,0.351,0.275,NA,NA,NA,0.0154,0.232,0.0133,0.718,NA,NA,NA,NA,0.26,0.965,NA,NA,0.0345549532047832,0.739587572030506,NA,0.0308620908426639,"NA_2017"
NA,NA,NA,NA,6953646,NA,2017,"PRY","country","female","2",0.0784,480000,603000,3440000,13500000,0.612,0.221,0,0.833,0.833,0.76,0.186,0.184,NA,0.727,NA,0.945,0.946,0.521,0.198,NA,NA,NA,0.0454,0.395,0.0213,0.517,NA,NA,NA,NA,0.461,0.957,NA,NA,0.0430746096686944,0.538601544725767,NA,0.0177496997451495,"NA_2017"
NA,NA,NA,NA,6953646,NA,2017,"PRY","country","female","3",0.063,767000,940000,5150000,11700000,0.71,0.127,0,0.837,0.837,0.738,0.228,0.228,NA,0.744,NA,0.966,0.966,0.63,0.11,NA,NA,NA,0.0809,0.426,0.00794,0.472,NA,NA,NA,NA,0.515,0.979,NA,NA,0.0210797733941925,0.484942517160542,NA,0.0147214149045544,"NA_2017"
NA,NA,NA,NA,6953646,NA,2017,"PRY","country","female","4",0.0631,1230000,1540000,6780000,18100000,0.827,0.0561,0,0.883,0.883,0.647,0.312,0.312,NA,0.801,NA,0.958,0.958,0.749,0.0482,NA,NA,NA,0.151,0.518,0.00459,0.315,NA,NA,NA,NA,0.674,0.985,NA,NA,0.0154911398042985,0.32633425593899,NA,0.00346090742583932,"NA_2017"
NA,NA,NA,NA,6953646,NA,2017,"PRY","country","female","5",0.0518,2720000,25300000,11200000,94300000,0.87,0.0252,0,0.895,0.895,0.473,0.503,0.503,NA,0.778,NA,0.975,0.975,0.755,0.0227,NA,NA,NA,0.252,0.553,0.000828,0.193,NA,NA,NA,NA,0.806,0.997,NA,NA,0.00255956837817888,0.194415680276986,NA,0,"NA_2017"
NA,NA,NA,NA,6953646,NA,2017,"PRY","country","female","total",0.324,911000,25300000,4960000,94300000,0.678,0.16,0,0.837,0.837,0.676,0.268,0.268,NA,0.741,NA,0.944,0.944,0.592,0.137,NA,NA,NA,0.102,0.419,0.0103,0.455,NA,NA,NA,NA,0.531,0.975,NA,NA,0.0246894946051326,0.468971152055906,NA,0.0140113808293761,"NA_2017"
NA,NA,NA,NA,6953646,NA,2017,"PRY","country","male","1",0.135,204000,350000,1330000,3500000,0.477,0.254,0,0.731,0.731,0.694,0.214,0.214,NA,0.589,NA,0.908,0.908,0.39,0.196,NA,NA,NA,0.0245,0.226,0.0258,0.737,NA,NA,NA,NA,0.277,0.988,NA,NA,0.0121813594245054,0.72348802881383,NA,0.0106748462259509,"NA_2017"
NA,NA,NA,NA,6953646,NA,2017,"PRY","country","male","2",0.122,476000,603000,2780000,6340000,0.597,0.16,0,0.757,0.757,0.697,0.23,0.23,NA,0.665,NA,0.927,0.927,0.519,0.132,NA,NA,NA,0.0324,0.378,0.00901,0.575,NA,NA,NA,NA,0.42,0.985,NA,NA,0.0146846214936205,0.580352101653846,NA,0.00744549496542169,"NA_2017"
NA,NA,NA,NA,6953646,NA,2017,"PRY","country","male","3",0.137,757000,940000,4690000,11700000,0.686,0.0883,0,0.775,0.775,0.617,0.32,0.32,NA,0.68,NA,0.937,0.937,0.599,0.0757,NA,NA,NA,0.0527,0.476,0.00239,0.457,NA,NA,NA,NA,0.531,0.985,NA,NA,0.0150346942323802,0.469145051922803,NA,0.00689142839078825,"NA_2017"
NA,NA,NA,NA,6953646,NA,2017,"PRY","country","male","4",0.137,1190000,1540000,6300000,15300000,0.753,0.068,0,0.821,0.821,0.632,0.321,0.321,NA,0.722,NA,0.952,0.952,0.653,0.0636,NA,NA,NA,0.0774,0.588,0.00192,0.321,NA,NA,NA,NA,0.668,0.987,NA,NA,0.0131635123957657,0.332347122100084,NA,0.00768816749825853,"NA_2017"
NA,NA,NA,NA,6953646,NA,2017,"PRY","country","male","5",0.148,4140000,132000000,20500000,735000000,0.801,0.0171,0,0.818,0.818,0.485,0.449,0.449,NA,0.748,NA,0.934,0.934,0.728,0.0141,NA,NA,NA,0.213,0.583,0.000623,0.2,NA,NA,NA,NA,0.796,0.995,NA,NA,0.0046179030240365,0.203794720310873,NA,0.00272194283920038,"NA_2017"
NA,NA,NA,NA,6953646,NA,2017,"PRY","country","male","total",0.676,1270000,132000000,6720000,735000000,0.666,0.115,0,0.781,0.781,0.621,0.31,0.31,NA,0.682,NA,0.932,0.932,0.582,0.0943,NA,NA,NA,0.0827,0.454,0.00775,0.452,NA,NA,NA,NA,0.544,0.988,NA,NA,0.0118002058377259,0.455620713455072,NA,0.00700632534231825,"NA_2017"
NA,NA,NA,NA,6953646,NA,2017,"PRY","rural","all","1",0.141,196000,350000,1240000,3600000,0.397,0.296,0,0.693,0.693,0.687,0.194,0.194,NA,0.572,NA,0.881,0.882,0.324,0.235,NA,NA,NA,0.00368,0.169,0.026,0.811,NA,NA,NA,NA,0.199,0.984,NA,NA,0.0158924888212301,0.800860991246894,NA,0.0148007624819865,"NA_2017"
NA,NA,NA,NA,6953646,NA,2017,"PRY","rural","all","2",0.0891,475000,603000,3080000,13500000,0.497,0.231,0,0.728,0.728,0.715,0.189,0.189,NA,0.633,NA,0.904,0.904,0.422,0.194,NA,NA,NA,0.00582,0.284,0.0155,0.692,NA,NA,NA,NA,0.305,0.981,NA,NA,0.0185312685615973,0.695075396519046,NA,0.0141859838572201,"NA_2017"
NA,NA,NA,NA,6953646,NA,2017,"PRY","rural","all","3",0.0585,748000,940000,4080000,9770000,0.526,0.176,0,0.702,0.702,0.673,0.24,0.24,NA,0.587,NA,0.913,0.913,0.432,0.149,NA,NA,NA,0.00982,0.353,0.00649,0.621,NA,NA,NA,NA,0.37,0.984,NA,NA,0.0155752679888182,0.630303097004248,NA,0.0154013779137593,"NA_2017"
NA,NA,NA,NA,6953646,NA,2017,"PRY","rural","all","4",0.0453,1160000,1540000,5890000,14000000,0.619,0.121,0,0.74,0.74,0.717,0.202,0.202,NA,0.648,NA,0.918,0.919,0.531,0.108,NA,NA,NA,0.02,0.507,0.00527,0.462,NA,NA,NA,NA,0.532,0.988,NA,NA,0.0118128313227867,0.468204938610248,NA,0.0118128313227867,"NA_2017"
NA,NA,NA,NA,6953646,NA,2017,"PRY","rural","all","5",0.0311,3570000,97200000,16000000,278000000,0.61,0.0319,0,0.642,0.642,0.512,0.313,0.313,NA,0.529,NA,0.825,0.825,0.495,0.024,NA,NA,NA,0.00619,0.589,0.00402,0.396,NA,NA,NA,NA,0.6,0.992,NA,NA,0.00825799684468002,0.400489203561127,NA,0.00825799684468002,"NA_2017"
NA,NA,NA,NA,6953646,NA,2017,"PRY","rural","all","total",0.382,688000,97200000,3660000,278000000,0.49,0.214,0,0.704,0.704,0.68,0.212,0.212,NA,0.595,NA,0.892,0.892,0.407,0.176,NA,NA,NA,0.00754,0.308,0.0156,0.669,NA,NA,NA,NA,0.331,0.985,NA,NA,0.0152817046160439,0.668622462402351,NA,0.013800851793206,"NA_2017"
NA,NA,NA,NA,6953646,NA,2017,"PRY","rural","female","1",0.035,198000,350000,1130000,3600000,0.327,0.353,0,0.68,0.68,0.67,0.186,0.186,NA,0.615,NA,0.856,0.856,0.278,0.298,NA,NA,NA,0.00246,0.165,0.019,0.803,NA,NA,NA,NA,0.186,0.971,NA,NA,0.0294286931627062,0.813755316524768,NA,0.0294286931627062,"NA_2017"
NA,NA,NA,NA,6953646,NA,2017,"PRY","rural","female","2",0.0292,481000,603000,3900000,13500000,0.485,0.297,0,0.782,0.782,0.775,0.163,0.163,NA,0.661,NA,0.938,0.938,0.389,0.256,NA,NA,NA,0.00632,0.266,0.0354,0.694,NA,NA,NA,NA,0.308,0.967,NA,NA,0.0332194986473559,0.692337759856815,NA,0.0217091660923501,"NA_2017"
NA,NA,NA,NA,6953646,NA,2017,"PRY","rural","female","3",0.0166,752000,938000,4410000,9770000,0.513,0.252,0,0.765,0.765,0.737,0.193,0.193,NA,0.683,NA,0.93,0.93,0.451,0.232,NA,NA,NA,0.0105,0.301,0.013,0.658,NA,NA,NA,NA,0.324,0.969,NA,NA,0.0308519490494783,0.675846508353069,NA,0.0302198681431223,"NA_2017"
NA,NA,NA,NA,6953646,NA,2017,"PRY","rural","female","4",0.0111,1190000,1530000,5650000,12500000,0.693,0.123,0,0.816,0.816,0.789,0.155,0.155,NA,0.755,NA,0.945,0.945,0.627,0.109,NA,NA,NA,0.0173,0.417,0.0106,0.553,NA,NA,NA,NA,0.445,0.988,NA,NA,0.0122921432717588,0.554933360649207,NA,0.0122921432717588,"NA_2017"
NA,NA,NA,NA,6953646,NA,2017,"PRY","rural","female","5",0.00634,2950000,18900000,13100000,94300000,0.746,0.0494,0,0.796,0.796,0.635,0.289,0.289,NA,0.615,NA,0.924,0.924,0.581,0.0345,NA,NA,NA,0.0245,0.552,0.00663,0.423,NA,NA,NA,NA,0.583,1,NA,NA,0,0.416627714273573,NA,0,"NA_2017"
NA,NA,NA,NA,6953646,NA,2017,"PRY","rural","female","total",0.103,617000,18900000,3580000,94300000,0.474,0.273,0,0.746,0.746,0.722,0.184,0.184,NA,0.656,NA,0.906,0.906,0.4,0.235,NA,NA,NA,0.00814,0.272,0.0206,0.694,NA,NA,NA,NA,0.3,0.973,NA,NA,0.0266918037919012,0.69978542942512,NA,0.0234822490985681,"NA_2017"
NA,NA,NA,NA,6953646,NA,2017,"PRY","rural","male","1",0.106,195000,350000,1280000,3500000,0.423,0.275,0,0.698,0.698,0.693,0.198,0.197,NA,0.556,NA,0.89,0.891,0.341,0.211,NA,NA,NA,0.00413,0.171,0.0286,0.814,NA,NA,NA,NA,0.204,0.989,NA,NA,0.0108420243837477,0.796050016942842,NA,0.00934296634998194,"NA_2017"
NA,NA,NA,NA,6953646,NA,2017,"PRY","rural","male","2",0.0599,472000,603000,2690000,5570000,0.503,0.201,0,0.704,0.704,0.688,0.201,0.201,NA,0.621,NA,0.889,0.889,0.437,0.167,NA,NA,NA,0.0056,0.291,0.00672,0.691,NA,NA,NA,NA,0.304,0.988,NA,NA,0.012044690047402,0.696284384603329,NA,0.0108636154057559,"NA_2017"
NA,NA,NA,NA,6953646,NA,2017,"PRY","rural","male","3",0.0419,746000,940000,3940000,8700000,0.531,0.147,0,0.678,0.678,0.649,0.257,0.257,NA,0.55,NA,0.906,0.906,0.424,0.117,NA,NA,NA,0.00955,0.373,0.004,0.607,NA,NA,NA,NA,0.387,0.99,NA,NA,0.00977754565385059,0.613018710942956,NA,0.00977754565385059,"NA_2017"
NA,NA,NA,NA,6953646,NA,2017,"PRY","rural","male","4",0.0342,1150000,1540000,5960000,14000000,0.593,0.12,0,0.713,0.713,0.691,0.219,0.218,NA,0.61,NA,0.909,0.91,0.497,0.108,NA,NA,NA,0.021,0.538,0.0034,0.429,NA,NA,NA,NA,0.563,0.988,NA,NA,0.0116427039190101,0.437421476385348,NA,0.0116427039190101,"NA_2017"
NA,NA,NA,NA,6953646,NA,2017,"PRY","rural","male","5",0.0247,3730000,97200000,16700000,278000000,0.576,0.0274,0,0.603,0.603,0.48,0.319,0.319,NA,0.507,NA,0.799,0.799,0.473,0.0213,NA,NA,NA,0.00155,0.599,0.00336,0.389,NA,NA,NA,NA,0.604,0.99,NA,NA,0.0103526140215675,0.39639571668005,NA,0.0103526140215675,"NA_2017"
NA,NA,NA,NA,6953646,NA,2017,"PRY","rural","male","total",0.279,714000,97200000,3690000,278000000,0.496,0.192,0,0.689,0.689,0.664,0.223,0.223,NA,0.572,NA,0.886,0.887,0.41,0.153,NA,NA,NA,0.00732,0.322,0.0137,0.66,NA,NA,NA,NA,0.343,0.989,NA,NA,0.0109911689361574,0.656904262600439,NA,0.0101603592848057,"NA_2017"
NA,NA,NA,NA,6953646,NA,2017,"PRY","urban","all","1",0.0589,236000,350000,1610000,3810000,0.61,0.237,0,0.847,0.847,0.738,0.207,0.207,NA,0.721,NA,0.945,0.945,0.51,0.191,NA,NA,NA,0.066,0.375,0.0106,0.53,NA,NA,NA,NA,0.452,0.971,NA,NA,0.0289019252686421,0.548391199934875,NA,0.0238140060240964,"NA_2017"
NA,NA,NA,NA,6953646,NA,2017,"PRY","urban","all","2",0.111,480000,603000,3000000,6390000,0.693,0.141,0,0.834,0.834,0.725,0.235,0.234,NA,0.736,NA,0.959,0.96,0.604,0.124,NA,NA,NA,0.0642,0.471,0.0119,0.434,NA,NA,NA,NA,0.547,0.969,NA,NA,0.0310330333333784,0.453042280666424,NA,0.00879456242760738,"NA_2017"
NA,NA,NA,NA,6953646,NA,2017,"PRY","urban","all","3",0.142,765000,940000,5150000,11700000,0.776,0.0633,0,0.839,0.839,0.645,0.317,0.317,NA,0.756,NA,0.962,0.962,0.696,0.0556,NA,NA,NA,0.0869,0.513,0.00294,0.382,NA,NA,NA,NA,0.603,0.982,NA,NA,0.0175687756864549,0.397027423477691,NA,0.00632423846577816,"NA_2017"
NA,NA,NA,NA,6953646,NA,2017,"PRY","urban","all","4",0.155,1220000,1540000,6620000,18100000,0.827,0.046,0,0.873,0.873,0.611,0.355,0.355,NA,0.779,NA,0.966,0.966,0.733,0.0426,NA,NA,NA,0.127,0.585,0.00197,0.273,NA,NA,NA,NA,0.714,0.985,NA,NA,0.0145850754368931,0.285953890107225,NA,0.00456691746542816,"NA_2017"
NA,NA,NA,NA,6953646,NA,2017,"PRY","urban","all","5",0.169,3810000,132000000,18500000,735000000,0.863,0.0167,0,0.879,0.879,0.475,0.494,0.494,NA,0.803,NA,0.97,0.97,0.784,0.0149,NA,NA,NA,0.268,0.572,0,0.158,NA,NA,NA,NA,0.839,0.997,NA,NA,0.00320010769004846,0.160711663391677,NA,0.000700160136500633,"NA_2017"
NA,NA,NA,NA,6953646,NA,2017,"PRY","urban","all","total",0.618,1440000,132000000,7690000,735000000,0.782,0.0762,0,0.858,0.858,0.613,0.35,0.349,NA,0.767,NA,0.963,0.963,0.695,0.066,NA,NA,NA,0.14,0.526,0.00419,0.318,NA,NA,NA,NA,0.67,0.984,NA,NA,0.0163602024207238,0.329815951557208,NA,0.00642864660046731,"NA_2017"
NA,NA,NA,NA,6953646,NA,2017,"PRY","urban","female","1",0.0297,236000,350000,1700000,3810000,0.547,0.301,0,0.848,0.848,0.784,0.134,0.134,NA,0.739,NA,0.919,0.919,0.454,0.243,NA,NA,NA,0.0336,0.326,0.00523,0.598,NA,NA,NA,NA,0.365,0.958,NA,NA,0.0417915330069222,0.634887303731217,NA,0.0328855731892622,"NA_2017"
NA,NA,NA,NA,6953646,NA,2017,"PRY","urban","female","2",0.0492,480000,601000,3170000,6390000,0.69,0.174,0,0.864,0.864,0.752,0.199,0.197,NA,0.768,NA,0.949,0.951,0.601,0.162,NA,NA,NA,0.0693,0.474,0.0126,0.408,NA,NA,NA,NA,0.556,0.951,NA,NA,0.0491072974615198,0.444493767925675,NA,0.0153259599976073,"NA_2017"
NA,NA,NA,NA,6953646,NA,2017,"PRY","urban","female","3",0.0464,772000,940000,5410000,11700000,0.791,0.0757,0,0.867,0.867,0.738,0.242,0.242,NA,0.769,NA,0.98,0.98,0.705,0.0596,NA,NA,NA,0.11,0.478,0.00583,0.395,NA,NA,NA,NA,0.594,0.983,NA,NA,0.0170356905166334,0.405939479426382,NA,0.00830758940840295,"NA_2017"
NA,NA,NA,NA,6953646,NA,2017,"PRY","urban","female","4",0.052,1230000,1540000,7020000,18100000,0.86,0.0395,0,0.899,0.899,0.611,0.351,0.351,NA,0.812,NA,0.962,0.962,0.779,0.033,NA,NA,NA,0.185,0.543,0.0031,0.256,NA,NA,NA,NA,0.731,0.984,NA,NA,0.0162891790673969,0.269306666439521,NA,0.00125781877755915,"NA_2017"
NA,NA,NA,NA,6953646,NA,2017,"PRY","urban","female","5",0.0454,2690000,25300000,10900000,94300000,0.887,0.0218,0,0.909,0.909,0.45,0.533,0.533,NA,0.801,NA,0.983,0.983,0.78,0.021,NA,NA,NA,0.284,0.553,0,0.16,NA,NA,NA,NA,0.837,0.997,NA,NA,0.00292511227090666,0.16268054375531,NA,0,"NA_2017"
NA,NA,NA,NA,6953646,NA,2017,"PRY","urban","female","total",0.221,1050000,25300000,5610000,94300000,0.776,0.105,0,0.881,0.881,0.653,0.309,0.309,NA,0.782,NA,0.962,0.962,0.685,0.0899,NA,NA,NA,0.148,0.49,0.00527,0.339,NA,NA,NA,NA,0.643,0.976,NA,NA,0.0237199828027609,0.357211605855915,NA,0.00942561623998868,"NA_2017"
NA,NA,NA,NA,6953646,NA,2017,"PRY","urban","male","1",0.0292,236000,350000,1510000,2900000,0.669,0.177,0,0.846,0.846,0.695,0.274,0.274,NA,0.705,NA,0.969,0.969,0.562,0.142,NA,NA,NA,0.0961,0.42,0.0156,0.467,NA,NA,NA,NA,0.532,0.983,NA,NA,0.0168998585128125,0.467850966829115,NA,0.0153670806476969,"NA_2017"
NA,NA,NA,NA,6953646,NA,2017,"PRY","urban","male","2",0.0617,480000,603000,2860000,6340000,0.695,0.117,0,0.812,0.812,0.706,0.261,0.261,NA,0.711,NA,0.967,0.967,0.605,0.0961,NA,NA,NA,0.0603,0.469,0.0114,0.453,NA,NA,NA,NA,0.541,0.983,NA,NA,0.0174372066367008,0.459472644686424,NA,0.00388151319809216,"NA_2017"
NA,NA,NA,NA,6953646,NA,2017,"PRY","urban","male","3",0.0951,761000,940000,5020000,11700000,0.769,0.0572,0,0.826,0.826,0.6,0.353,0.353,NA,0.749,NA,0.953,0.953,0.693,0.0536,NA,NA,NA,0.0757,0.53,0.00154,0.376,NA,NA,NA,NA,0.607,0.982,NA,NA,0.0178285854450449,0.392683954111726,NA,0.00535761257037918,"NA_2017"
NA,NA,NA,NA,6953646,NA,2017,"PRY","urban","male","4",0.103,1210000,1540000,6410000,15300000,0.81,0.0493,0,0.86,0.86,0.61,0.358,0.358,NA,0.762,NA,0.968,0.968,0.709,0.0475,NA,NA,NA,0.0977,0.606,0.00139,0.282,NA,NA,NA,NA,0.706,0.986,NA,NA,0.0137114710574426,0.294488046857715,NA,0.00626331846710994,"NA_2017"
NA,NA,NA,NA,6953646,NA,2017,"PRY","urban","male","5",0.123,4230000,132000000,21300000,735000000,0.853,0.0147,0,0.867,0.867,0.486,0.478,0.478,NA,0.803,NA,0.964,0.964,0.786,0.0125,NA,NA,NA,0.261,0.579,0,0.157,NA,NA,NA,NA,0.84,0.997,NA,NA,0.00331138024516737,0.159914987034418,NA,0.000983468882602546,"NA_2017"
NA,NA,NA,NA,6953646,NA,2017,"PRY","urban","male","total",0.397,1660000,132000000,8850000,735000000,0.785,0.0606,0,0.846,0.846,0.592,0.371,0.371,NA,0.759,NA,0.963,0.963,0.701,0.053,NA,NA,NA,0.135,0.546,0.0036,0.306,NA,NA,NA,NA,0.685,0.988,NA,NA,0.0123656291716434,0.314946764961672,NA,0.00480201997183077,"NA_2017"
NA,NA,NA,NA,570501,NA,2017,"SUR","country","all","1",0.2,60.1,168,431,1570,0.612,0.156,0.00793,0.775,0.767,0.767,0.187,0.133,NA,NA,NA,0.901,0.954,NA,NA,NA,NA,NA,NA,0.807,0.136,0.136,NA,NA,NA,NA,0.943,0.943,NA,NA,0.0572318621289852,0.0572318621289852,NA,NA,"NA_2017"
NA,NA,NA,NA,570501,NA,2017,"SUR","country","all","2",0.2,292,407,1880,4400,0.675,0.113,0.00495,0.793,0.788,0.788,0.172,0.114,NA,NA,NA,0.902,0.961,NA,NA,NA,NA,NA,NA,0.909,0.0758,0.0758,NA,NA,NA,NA,0.985,0.985,NA,NA,0.0148390029736949,0.0148390029736949,NA,NA,"NA_2017"
NA,NA,NA,NA,570501,NA,2017,"SUR","country","all","3",0.2,539,680,3150,7880,0.716,0.11,0.00317,0.829,0.826,0.826,0.136,0.0878,NA,NA,NA,0.914,0.962,NA,NA,NA,NA,NA,NA,0.924,0.0532,0.0532,NA,NA,NA,NA,0.977,0.977,NA,NA,0.0225404790594113,0.0225404790594113,NA,NA,"NA_2017"
NA,NA,NA,NA,570501,NA,2017,"SUR","country","all","4",0.2,886,1180,4680,10200,0.811,0.0729,0.018,0.902,0.884,0.884,0.0987,0.0641,NA,NA,NA,0.948,0.983,NA,NA,NA,NA,NA,NA,0.962,0.0323,0.0323,NA,NA,NA,NA,0.994,0.994,NA,NA,0.00609365151057503,0.00609365151057503,NA,NA,"NA_2017"
NA,NA,NA,NA,570501,NA,2017,"SUR","country","all","5",0.2,2080,28200,8130,55100,0.856,0.05,0.00253,0.909,0.906,0.906,0.0777,0.0513,NA,NA,NA,0.957,0.984,NA,NA,NA,NA,NA,NA,0.956,0.0198,0.0198,NA,NA,NA,NA,0.975,0.975,NA,NA,0.0245939307498873,0.0245939307498873,NA,NA,"NA_2017"
NA,NA,NA,NA,570501,NA,2017,"SUR","country","all","total",1,658,28200,3230,55100,0.735,0.1,0.00731,0.842,0.835,0.835,0.134,0.0899,NA,NA,NA,0.925,0.969,NA,NA,NA,NA,NA,NA,0.912,0.063,0.063,NA,NA,NA,NA,0.975,0.975,NA,NA,0.0248118324704521,0.0248118324704521,NA,NA,"NA_2017"
NA,NA,NA,NA,570501,NA,2017,"SUR","country","female","1",0.0687,68.6,168,489,1570,0.555,0.216,0.022,0.793,0.771,0.771,0.178,0.144,NA,NA,NA,0.916,0.949,NA,NA,NA,NA,NA,NA,0.783,0.147,0.147,NA,NA,NA,NA,0.93,0.93,NA,NA,0.0697422576083607,0.0697422576083607,NA,NA,"NA_2017"
NA,NA,NA,NA,570501,NA,2017,"SUR","country","female","2",0.0693,274,406,1770,3610,0.678,0.162,0.00892,0.848,0.839,0.839,0.118,0.0657,NA,NA,NA,0.905,0.957,NA,NA,NA,NA,NA,NA,0.892,0.0934,0.0934,NA,NA,NA,NA,0.985,0.985,NA,NA,0.0146791044897046,0.0146791044897046,NA,NA,"NA_2017"
NA,NA,NA,NA,570501,NA,2017,"SUR","country","female","3",0.0642,532,680,3280,7690,0.759,0.123,0.00946,0.892,0.882,0.882,0.0915,0.0601,NA,NA,NA,0.942,0.974,NA,NA,NA,NA,NA,NA,0.946,0.0358,0.0358,NA,NA,NA,NA,0.982,0.982,NA,NA,0.0181187668794572,0.0181187668794572,NA,NA,"NA_2017"
NA,NA,NA,NA,570501,NA,2017,"SUR","country","female","4",0.0681,877,1180,4910,10200,0.77,0.129,0.0152,0.915,0.899,0.899,0.0869,0.0728,NA,NA,NA,0.972,0.986,NA,NA,NA,NA,NA,NA,0.971,0.0197,0.0197,NA,NA,NA,NA,0.991,0.991,NA,NA,0.00916131357073839,0.00916131357073839,NA,NA,"NA_2017"
NA,NA,NA,NA,570501,NA,2017,"SUR","country","female","5",0.0537,1880,28200,7000,28200,0.853,0.0548,0,0.908,0.908,0.908,0.0857,0.0621,NA,NA,NA,0.97,0.994,NA,NA,NA,NA,NA,NA,0.974,0.00976,0.00976,NA,NA,NA,NA,0.984,0.984,NA,NA,0.0158242487835989,0.0158242487835989,NA,NA,"NA_2017"
NA,NA,NA,NA,570501,NA,2017,"SUR","country","female","total",0.328,583,28200,3000,28200,0.717,0.141,0.0116,0.869,0.858,0.858,0.113,0.0818,NA,NA,NA,0.94,0.971,NA,NA,NA,NA,NA,NA,0.911,0.0636,0.0636,NA,NA,NA,NA,0.974,0.974,NA,NA,0.0258784893037887,0.0258784893037887,NA,NA,"NA_2017"
NA,NA,NA,NA,570501,NA,2017,"SUR","country","male","1",0.131,55.7,167,400,1350,0.644,0.121,0,0.765,0.765,0.765,0.192,0.127,NA,NA,NA,0.892,0.957,NA,NA,NA,NA,NA,NA,0.82,0.13,0.13,NA,NA,NA,NA,0.95,0.95,NA,NA,0.0501732651938954,0.0501732651938954,NA,NA,"NA_2017"
NA,NA,NA,NA,570501,NA,2017,"SUR","country","male","2",0.134,301,407,1930,4400,0.674,0.0865,0.00277,0.763,0.76,0.76,0.202,0.14,NA,NA,NA,0.901,0.963,NA,NA,NA,NA,NA,NA,0.919,0.0662,0.0662,NA,NA,NA,NA,0.985,0.985,NA,NA,0.0149264219371537,0.0149264219371537,NA,NA,"NA_2017"
NA,NA,NA,NA,570501,NA,2017,"SUR","country","male","3",0.141,542,675,3090,7880,0.694,0.103,0,0.798,0.798,0.798,0.159,0.102,NA,NA,NA,0.899,0.957,NA,NA,NA,NA,NA,NA,0.913,0.062,0.062,NA,NA,NA,NA,0.975,0.975,NA,NA,0.024768150246706,0.024768150246706,NA,NA,"NA_2017"
NA,NA,NA,NA,570501,NA,2017,"SUR","country","male","4",0.137,891,1180,4550,8200,0.833,0.0426,0.0195,0.896,0.876,0.876,0.105,0.0594,NA,NA,NA,0.935,0.981,NA,NA,NA,NA,NA,NA,0.956,0.0391,0.0391,NA,NA,NA,NA,0.996,0.996,NA,NA,0.00443180108093451,0.00443180108093451,NA,NA,"NA_2017"
NA,NA,NA,NA,570501,NA,2017,"SUR","country","male","5",0.149,2150,18400,8540,55100,0.857,0.0482,0.00351,0.909,0.906,0.906,0.0746,0.0471,NA,NA,NA,0.953,0.98,NA,NA,NA,NA,NA,NA,0.948,0.0237,0.0237,NA,NA,NA,NA,0.972,0.972,NA,NA,0.0279922426878816,0.0279922426878816,NA,NA,"NA_2017"
NA,NA,NA,NA,570501,NA,2017,"SUR","country","male","total",0.687,694,18400,3340,55100,0.743,0.0795,0.00514,0.828,0.823,0.823,0.145,0.094,NA,NA,NA,0.917,0.968,NA,NA,NA,NA,NA,NA,0.913,0.0627,0.0627,NA,NA,NA,NA,0.976,0.976,NA,NA,0.0242721727383596,0.0242721727383596,NA,NA,"NA_2017"
