"iso","scope","quintile","gender","population","population_perc","year_survey","pais_c","zone","sex","quintileipc","population_prc","ave_income_pc","max_income_pc","ave_hh_income","max_hh_income","access_water_piped_house__hh","access_water_piped_plot__hh","water_trucked__hh","water_on_premises__hh","water_distr__hh","consume_distr__hh","consume_other_max__hh","consume_other_min__hh","consume_bottled__hh","water_dist_daily__hh","water_dist_continuity_jmp__hh","improved_w_access_min__hh","improved_w_access_max__hh","access_water_piped_house_daily__hh","access_water_piped_plot_daily__hh","treat_water__hh","water_meter__hh","access_san_exclusive__hh","access_sewer__hh","access_septic__hh","access_latrine_min__hh","access_latrine_max__hh","access_sewer_exclusive__hh","access_septic_exclusive__hh","access_latrine_exclusive_min__hh","access_latrine_exclusive_max__hh","improved_san_min__hh","improved_san_max__hh","improved_san_min_exclusive__hh","improved_san_max_exclusive__hh","access_latrines_unimproved_min__hh","access_latrines_unimproved_max__hh","access_latrines_unimproved_exclusive_min__hh","no_sanitation_access__hh","name"
NA,NA,NA,NA,208494900,NA,2019,"BRA","country","all","1",0.2,199,360,1050,5000,0.705,0.0269,NA,0.732,0.769,0.732,0.268,0.019,NA,0.603,0.743,0.751,1,0.562,0.017,NA,NA,0.912,0.387,0.332,0,0.177,0.386,0.322,0,0.15,0.719,0.896,0.708,0.858014213938895,0.103940978103628,0.281147177317408,0.141985786061105,0.0242648101958038,"NA_2019"
NA,NA,NA,NA,208494900,NA,2019,"BRA","country","all","2",0.2,508,666,2350,8620,0.805,0.0131,NA,0.818,0.852,0.818,0.182,0.00764,NA,0.714,0.839,0.826,1,0.681,0.00969,NA,NA,0.977,0.525,0.303,0,0.121,0.524,0.299,0,0.113,0.828,0.949,0.823,0.936643377810219,0.0508751540723739,0.17217934672881,0.0633566221897808,0.00485097737171883,"NA_2019"
NA,NA,NA,NA,208494900,NA,2019,"BRA","country","all","3",0.2,846,1020,3410,12800,0.849,0.0095,NA,0.859,0.886,0.859,0.141,0.00492,NA,0.775,0.878,0.863,1,0.749,0.00681,NA,NA,0.989,0.617,0.26,0,0.0909,0.616,0.258,0,0.0874,0.877,0.968,0.874,0.961790945750069,0.0321812960097484,0.123044117998068,0.0382090542499313,0.00294839380105522,"NA_2019"
NA,NA,NA,NA,208494900,NA,2019,"BRA","country","all","4",0.2,1350,1800,5020,19900,0.892,0.00648,NA,0.898,0.919,0.898,0.102,0.00167,NA,0.837,0.916,0.9,1,0.815,0.00561,NA,NA,0.996,0.699,0.217,0,0.0613,0.699,0.217,0,0.0601,0.916,0.977,0.915,0.975332701205848,0.0225815447890132,0.08387650106492,0.024667298794152,0.000862344104705871,"NA_2019"
NA,NA,NA,NA,208494900,NA,2019,"BRA","country","all","5",0.2,3930,117000,12400,325000,0.927,0.00454,NA,0.932,0.951,0.932,0.0681,0.000571,NA,0.9,0.95,0.933,1,0.88,0.0035,NA,NA,0.998,0.79,0.167,0,0.0343,0.789,0.167,0,0.0338,0.957,0.991,0.956,0.989773254773391,0.00924242917792929,0.0434992043359865,0.0102267452266086,0.000588415938567395,"NA_2019"
NA,NA,NA,NA,208494900,NA,2019,"BRA","country","all","total",1,1180,117000,4320,325000,0.835,0.0122,NA,0.847,0.875,0.847,0.153,0.00681,NA,0.765,0.867,0.854,1,0.737,0.00856,NA,NA,0.974,0.602,0.256,0,0.0974,0.602,0.253,0,0.0893,0.859,0.956,0.855,0.943951985015063,0.0440194163581719,0.141384177124455,0.0560480149849373,0.00676794744787213,"NA_2019"
NA,NA,NA,NA,208494900,NA,2019,"BRA","country","female","1",0.109,199,360,1060,4160,0.772,0.0255,NA,0.797,0.83,0.797,0.203,0.011,NA,0.657,0.81,0.808,1,0.62,0.016,NA,NA,0.937,0.444,0.328,0,0.141,0.443,0.32,0,0.123,0.772,0.913,0.762,0.885105841609941,0.0868028808550839,0.227755848821667,0.114894158390059,0.0179599821426492,"NA_2019"
NA,NA,NA,NA,208494900,NA,2019,"BRA","country","female","2",0.104,507,666,2390,7290,0.851,0.0129,NA,0.864,0.892,0.864,0.136,0.00539,NA,0.749,0.883,0.869,1,0.72,0.00917,NA,NA,0.983,0.57,0.283,0,0.101,0.569,0.28,0,0.095,0.853,0.954,0.848,0.943410036373893,0.0457921960865742,0.146942806115822,0.0565899636261071,0.00364634235273998,"NA_2019"
NA,NA,NA,NA,208494900,NA,2019,"BRA","country","female","3",0.0947,845,1020,3450,12800,0.883,0.00923,NA,0.892,0.917,0.892,0.108,0.00349,NA,0.803,0.911,0.895,1,0.78,0.00611,NA,NA,0.991,0.658,0.24,0,0.0724,0.658,0.237,0,0.0697,0.898,0.97,0.895,0.964802067330896,0.0297030394912522,0.102139046772919,0.0351979326691036,0.00166179226733393,"NA_2019"
NA,NA,NA,NA,208494900,NA,2019,"BRA","country","female","4",0.088,1340,1800,4990,17200,0.913,0.00762,NA,0.92,0.94,0.92,0.0797,0.00108,NA,0.857,0.937,0.921,1,0.836,0.00694,NA,NA,0.997,0.723,0.204,0,0.0501,0.723,0.204,0,0.0492,0.927,0.977,0.926,0.975428447840577,0.0227210382805847,0.072826082820216,0.0245715521594225,0.000549353118451779,"NA_2019"
NA,NA,NA,NA,208494900,NA,2019,"BRA","country","female","5",0.08,3710,105000,11300,316000,0.943,0.0037,NA,0.947,0.962,0.947,0.0534,0.000734,NA,0.908,0.961,0.947,1,0.893,0.00325,NA,NA,0.998,0.804,0.158,0,0.0287,0.804,0.158,0,0.0283,0.963,0.991,0.962,0.990410223395998,0.00864836088458263,0.0373604820663528,0.00958977660400245,0.000453866011997148,"NA_2019"
NA,NA,NA,NA,208494900,NA,2019,"BRA","country","female","total",0.483,1030,105000,3810,316000,0.866,0.0125,NA,0.879,0.903,0.879,0.121,0.00471,NA,0.786,0.897,0.883,1,0.76,0.00872,NA,NA,0.979,0.627,0.249,0,0.0828,0.626,0.246,0,0.0765,0.876,0.959,0.872,0.948164518960701,0.0414408671007337,0.124277535316214,0.0518354810392994,0.00543068787079706,"NA_2019"
NA,NA,NA,NA,208494900,NA,2019,"BRA","country","male","1",0.0951,199,360,1050,5000,0.624,0.0286,NA,0.653,0.695,0.653,0.347,0.0287,NA,0.538,0.661,0.681,1,0.49,0.0182,NA,NA,0.882,0.319,0.336,0,0.221,0.317,0.325,0,0.184,0.654,0.875,0.642,0.82518946685388,0.124705832638488,0.345837157398546,0.17481053314612,0.0319038634403044,"NA_2019"
NA,NA,NA,NA,208494900,NA,2019,"BRA","country","male","2",0.0988,508,666,2310,8620,0.755,0.0133,NA,0.768,0.808,0.768,0.232,0.0101,NA,0.676,0.791,0.778,1,0.639,0.0103,NA,NA,0.972,0.476,0.324,0,0.143,0.475,0.32,0,0.134,0.8,0.944,0.796,0.929259772768298,0.0564215480360514,0.199716815445061,0.0707402272317025,0.00616544434476183,"NA_2019"
NA,NA,NA,NA,208494900,NA,2019,"BRA","country","male","3",0.106,848,1020,3380,10800,0.818,0.00976,NA,0.828,0.857,0.828,0.172,0.00623,NA,0.751,0.848,0.834,1,0.721,0.00745,NA,NA,0.986,0.579,0.279,0,0.108,0.578,0.277,0,0.104,0.858,0.966,0.855,0.959020470080892,0.0344614926747347,0.142278476238679,0.0409795299191079,0.00413217139004261,"NA_2019"
NA,NA,NA,NA,208494900,NA,2019,"BRA","country","male","4",0.113,1360,1800,5040,19900,0.875,0.00555,NA,0.88,0.903,0.88,0.12,0.00214,NA,0.821,0.899,0.882,1,0.798,0.00454,NA,NA,0.995,0.679,0.228,0,0.0703,0.679,0.227,0,0.0689,0.907,0.978,0.906,0.97525564730574,0.0224692847853517,0.0927695324073491,0.0247443526942602,0.00111422947130631,"NA_2019"
NA,NA,NA,NA,208494900,NA,2019,"BRA","country","male","5",0.121,4070,117000,13200,325000,0.916,0.00514,NA,0.921,0.944,0.921,0.0786,0.000455,NA,0.894,0.942,0.922,1,0.871,0.00368,NA,NA,0.998,0.779,0.173,0,0.0382,0.779,0.173,0,0.0378,0.952,0.99,0.952,0.989317897793548,0.00966711751308198,0.0478876623127097,0.010682102206452,0.000684603169816733,"NA_2019"
NA,NA,NA,NA,208494900,NA,2019,"BRA","country","male","total",0.527,1320,117000,4800,325000,0.806,0.0118,NA,0.818,0.848,0.818,0.182,0.00876,NA,0.746,0.839,0.827,1,0.715,0.00842,NA,NA,0.97,0.58,0.263,0,0.111,0.579,0.26,0,0.101,0.843,0.954,0.839,0.94002155697444,0.0464252847586052,0.157345217560373,0.0599784430255602,0.00801565312980975,"NA_2019"
NA,NA,NA,NA,208494900,NA,2019,"BRA","rural","all","1",0.059,175,360,932,3740,0.302,0.0438,NA,0.346,0.418,0.346,0.654,0.0635,NA,0.289,0.362,0.41,1,0.21,0.0261,NA,NA,0.754,0.0348,0.408,0,0.344,0.0343,0.387,0,0.269,0.443,0.787,0.421,0.689369610945067,0.212857531557111,0.557298839032868,0.310630389054933,0.0734065545398022,"NA_2019"
NA,NA,NA,NA,208494900,NA,2019,"BRA","rural","all","2",0.0322,498,666,2250,6520,0.321,0.0207,NA,0.342,0.423,0.342,0.658,0.0448,NA,0.313,0.374,0.387,1,0.237,0.0122,NA,NA,0.899,0.0496,0.492,0,0.335,0.0494,0.48,0,0.298,0.541,0.876,0.529,0.827119326028087,0.124029149632739,0.458798739841869,0.172880673971913,0.0249250554489753,"NA_2019"
NA,NA,NA,NA,208494900,NA,2019,"BRA","rural","all","3",0.0228,848,1020,3170,8480,0.32,0.0179,NA,0.338,0.423,0.338,0.662,0.0368,NA,0.329,0.379,0.374,1,0.245,0.0106,NA,NA,0.936,0.0641,0.525,0,0.32,0.0641,0.518,0,0.299,0.589,0.909,0.582,0.881218488467883,0.0911475361464701,0.410697849570747,0.118781511532117,0.0214576115781376,"NA_2019"
NA,NA,NA,NA,208494900,NA,2019,"BRA","rural","all","4",0.0144,1320,1800,4560,12400,0.297,0.0116,NA,0.309,0.391,0.309,0.691,0.0187,NA,0.332,0.365,0.327,1,0.251,0.00792,NA,NA,0.969,0.0586,0.577,0,0.301,0.0586,0.576,0,0.288,0.636,0.937,0.634,0.921701933332607,0.0632265550455572,0.364498923598532,0.078298066667393,0.00939104084173052,"NA_2019"
NA,NA,NA,NA,208494900,NA,2019,"BRA","rural","all","5",0.00789,3040,40000,8660,102000,0.279,0.0111,NA,0.29,0.384,0.29,0.71,0.0103,NA,0.341,0.368,0.3,1,0.249,0.00816,NA,NA,0.97,0.0759,0.612,0,0.258,0.0759,0.607,0,0.249,0.688,0.945,0.683,0.93150225905385,0.0546914769672388,0.312383350254807,0.0684977409461496,0.0107609035637895,"NA_2019"
NA,NA,NA,NA,208494900,NA,2019,"BRA","rural","all","total",0.15,558,40000,2210,102000,0.308,0.0281,NA,0.336,0.415,0.336,0.664,0.0461,NA,0.31,0.369,0.382,1,0.23,0.0169,NA,NA,0.858,0.0487,0.48,0,0.328,0.0484,0.467,0,0.282,0.529,0.856,0.515,0.79690940671315,0.143766225829116,0.471349826513707,0.20309059328685,0.0417104988693546,"NA_2019"
NA,NA,NA,NA,208494900,NA,2019,"BRA","rural","female","1",0.0217,172,360,921,3740,0.363,0.0493,NA,0.412,0.485,0.412,0.588,0.0524,NA,0.328,0.425,0.465,1,0.251,0.028,NA,NA,0.776,0.0483,0.44,0,0.323,0.0481,0.416,0,0.257,0.489,0.812,0.464,0.720743232216775,0.188469866284255,0.511376449863241,0.279256767783225,0.0732489910214797,"NA_2019"
NA,NA,NA,NA,208494900,NA,2019,"BRA","rural","female","2",0.0108,496,666,2210,5800,0.372,0.0311,NA,0.404,0.488,0.404,0.596,0.0473,NA,0.351,0.436,0.451,1,0.273,0.0173,NA,NA,0.898,0.0553,0.504,0,0.33,0.0546,0.488,0,0.291,0.559,0.889,0.543,0.833403519399005,0.110954343265244,0.440701716749912,0.166596480600995,0.0245728133418048,"NA_2019"
NA,NA,NA,NA,208494900,NA,2019,"BRA","rural","female","3",0.00704,846,1020,3120,7800,0.392,0.0175,NA,0.409,0.495,0.409,0.591,0.0381,NA,0.377,0.445,0.447,1,0.291,0.0106,NA,NA,0.939,0.0846,0.539,0,0.296,0.0845,0.53,0,0.275,0.624,0.92,0.614,0.888945068694747,0.0802410372491124,0.376475411547883,0.111054931305253,0.0168820252798192,"NA_2019"
NA,NA,NA,NA,208494900,NA,2019,"BRA","rural","female","4",0.0044,1310,1800,4560,12200,0.379,0.00931,NA,0.388,0.471,0.388,0.612,0.0169,NA,0.396,0.446,0.405,1,0.314,0.0072,NA,NA,0.971,0.0815,0.598,0,0.269,0.0815,0.595,0,0.254,0.679,0.948,0.677,0.931044536373089,0.051505654019243,0.320974376838295,0.0689554636269113,0.00714320352179608,"NA_2019"
NA,NA,NA,NA,208494900,NA,2019,"BRA","rural","female","5",0.00214,2850,32800,7350,98500,0.324,0.0164,NA,0.34,0.428,0.34,0.66,0.0212,NA,0.359,0.402,0.362,1,0.269,0.0138,NA,NA,0.963,0.0892,0.591,0,0.258,0.0892,0.581,0,0.247,0.68,0.938,0.671,0.9177627184176,0.0620363707700243,0.32006997140713,0.0822372815824002,0.012790371319792,"NA_2019"
NA,NA,NA,NA,208494900,NA,2019,"BRA","rural","female","total",0.0513,500,32800,2000,98500,0.37,0.0341,NA,0.404,0.483,0.404,0.596,0.0438,NA,0.35,0.432,0.447,1,0.27,0.0198,NA,NA,0.86,0.0613,0.495,0,0.312,0.061,0.478,0,0.267,0.556,0.868,0.539,0.805815582061164,0.132395595267717,0.443967203002655,0.194184417938836,0.0428695248279761,"NA_2019"
NA,NA,NA,NA,208494900,NA,2019,"BRA","rural","male","1",0.0378,177,360,938,3720,0.266,0.0406,NA,0.307,0.379,0.307,0.693,0.0701,NA,0.266,0.325,0.377,1,0.185,0.0251,NA,NA,0.742,0.0269,0.389,0,0.357,0.0261,0.369,0,0.276,0.416,0.773,0.395,0.670796308390166,0.227295121715976,0.584485067256401,0.329203691609834,0.0734998327390918,"NA_2019"
NA,NA,NA,NA,208494900,NA,2019,"BRA","rural","male","2",0.0216,498,666,2280,6520,0.295,0.0153,NA,0.31,0.389,0.31,0.69,0.0435,NA,0.293,0.343,0.354,1,0.219,0.00955,NA,NA,0.9,0.0467,0.485,0,0.337,0.0467,0.476,0,0.302,0.532,0.869,0.522,0.82383059548108,0.130871637213719,0.468269522986106,0.17616940451892,0.025109395635443,"NA_2019"
NA,NA,NA,NA,208494900,NA,2019,"BRA","rural","male","3",0.0158,848,1020,3190,8480,0.287,0.0181,NA,0.305,0.39,0.305,0.695,0.0362,NA,0.307,0.35,0.341,1,0.224,0.0106,NA,NA,0.934,0.0547,0.519,0,0.33,0.0547,0.513,0,0.31,0.574,0.904,0.567,0.877684805124987,0.0961355272565486,0.426349179867458,0.122315194875013,0.0235502156295567,"NA_2019"
NA,NA,NA,NA,208494900,NA,2019,"BRA","rural","male","4",0.0101,1320,1800,4560,12400,0.262,0.0126,NA,0.274,0.357,0.274,0.726,0.0195,NA,0.304,0.331,0.294,1,0.224,0.00822,NA,NA,0.968,0.0487,0.568,0,0.315,0.0487,0.567,0,0.302,0.617,0.932,0.616,0.917685148927256,0.0682658714175749,0.383211986747952,0.082314851072744,0.0103574821914652,"NA_2019"
NA,NA,NA,NA,208494900,NA,2019,"BRA","rural","male","5",0.00579,3100,40000,9140,102000,0.261,0.00899,NA,0.27,0.366,0.27,0.73,0.00594,NA,0.334,0.355,0.276,1,0.241,0.00593,NA,NA,0.973,0.0707,0.62,0,0.258,0.0707,0.617,0,0.25,0.691,0.948,0.687,0.936953786285927,0.0517771955045127,0.309333479400756,0.063046213714073,0.00995565839356321,"NA_2019"
NA,NA,NA,NA,208494900,NA,2019,"BRA","rural","male","total",0.0997,588,40000,2320,102000,0.276,0.025,NA,0.301,0.38,0.301,0.699,0.0472,NA,0.289,0.337,0.348,1,0.209,0.0155,NA,NA,0.857,0.0422,0.472,0,0.336,0.0419,0.461,0,0.29,0.514,0.85,0.503,0.792291024383262,0.149662574959068,0.48554934759069,0.207708975616738,0.0411094748834106,"NA_2019"
NA,NA,NA,NA,208494900,NA,2019,"BRA","urban","all","1",0.141,209,360,1100,5000,0.864,0.0202,NA,0.884,0.907,0.884,0.116,0.00141,NA,0.728,0.896,0.885,1,0.7,0.0134,NA,NA,0.974,0.526,0.301,0,0.111,0.525,0.296,0,0.104,0.828,0.939,0.821,0.92456038676731,0.0609631438811126,0.172179348634247,0.0754396132326903,0.00487376563136444,"NA_2019"
NA,NA,NA,NA,208494900,NA,2019,"BRA","urban","all","2",0.168,510,666,2370,8620,0.899,0.0116,NA,0.91,0.935,0.91,0.0895,0.000409,NA,0.792,0.93,0.911,1,0.768,0.00921,NA,NA,0.993,0.618,0.266,0,0.0798,0.616,0.264,0,0.0776,0.884,0.963,0.88,0.957931021046044,0.0366565771166752,0.116470566001846,0.0420689789539558,0.000949279019225563,"NA_2019"
NA,NA,NA,NA,208494900,NA,2019,"BRA","urban","all","3",0.177,846,1020,3440,12800,0.924,0.0083,NA,0.933,0.952,0.933,0.0673,0.000385,NA,0.839,0.949,0.933,1,0.821,0.00627,NA,NA,0.996,0.695,0.222,0,0.0583,0.695,0.221,0,0.0573,0.918,0.976,0.916,0.973263578510493,0.0237851512082767,0.0820853867415397,0.0267364214895066,0.00031288452900353,"NA_2019"
NA,NA,NA,NA,208494900,NA,2019,"BRA","urban","all","4",0.186,1350,1800,5050,19900,0.942,0.00604,NA,0.948,0.964,0.948,0.0517,0.000222,NA,0.88,0.963,0.949,1,0.863,0.00541,NA,NA,0.999,0.753,0.187,0,0.0409,0.753,0.186,0,0.0407,0.94,0.981,0.939,0.979900271642687,0.0191199320876698,0.0599767373302635,0.020099728357313,0.000135980775863142,"NA_2019"
NA,NA,NA,NA,208494900,NA,2019,"BRA","urban","all","5",0.192,3960,117000,12600,325000,0.956,0.00425,NA,0.961,0.977,0.961,0.0395,0.000139,NA,0.925,0.976,0.961,1,0.908,0.00329,NA,NA,0.999,0.821,0.147,0,0.0243,0.821,0.147,0,0.0242,0.968,0.993,0.968,0.99236935659478,0.00721757351364483,0.0315198205560676,0.00763064340521988,0.000135209101687535,"NA_2019"
NA,NA,NA,NA,208494900,NA,2019,"BRA","urban","all","total",0.85,1290,117000,4690,325000,0.92,0.00958,NA,0.93,0.949,0.93,0.0704,0.000474,NA,0.839,0.946,0.93,1,0.818,0.00721,NA,NA,0.993,0.692,0.22,0,0.0602,0.691,0.218,0,0.0582,0.912,0.972,0.909,0.967676635997579,0.0279257224863277,0.0881457209005319,0.0323233640024214,0.0011301257605296,"NA_2019"
NA,NA,NA,NA,208494900,NA,2019,"BRA","urban","female","1",0.087,205,360,1090,4160,0.869,0.0198,NA,0.889,0.912,0.889,0.111,0.00112,NA,0.735,0.902,0.89,1,0.708,0.0132,NA,NA,0.975,0.538,0.302,0,0.0977,0.537,0.297,0,0.0909,0.84,0.937,0.833,0.92417634100291,0.0626357061724666,0.160336631265189,0.0758236589970904,0.004817277753776,"NA_2019"
NA,NA,NA,NA,208494900,NA,2019,"BRA","urban","female","2",0.0931,508,666,2410,7290,0.908,0.0107,NA,0.919,0.941,0.919,0.081,0.000353,NA,0.797,0.936,0.919,1,0.774,0.0082,NA,NA,0.993,0.632,0.257,0,0.0737,0.63,0.255,0,0.0715,0.888,0.962,0.885,0.956610734809947,0.037972787945984,0.111691960085766,0.0433892651900526,0.00113518173740528,"NA_2019"
NA,NA,NA,NA,208494900,NA,2019,"BRA","urban","female","3",0.0877,844,1020,3470,12800,0.926,0.00849,NA,0.935,0.954,0.935,0.0653,0.000415,NA,0.84,0.951,0.935,1,0.823,0.00571,NA,NA,0.996,0.709,0.213,0,0.0525,0.709,0.211,0,0.0515,0.922,0.975,0.92,0.971544423453701,0.0252110982762907,0.0777553577000032,0.0284555765462988,0.00030898062058705,"NA_2019"
NA,NA,NA,NA,208494900,NA,2019,"BRA","urban","female","4",0.0836,1340,1800,5010,17200,0.943,0.00753,NA,0.95,0.966,0.95,0.0499,0.0002,NA,0.882,0.964,0.95,1,0.865,0.00692,NA,NA,0.999,0.759,0.182,0,0.0378,0.758,0.182,0,0.0377,0.941,0.979,0.94,0.977908471689543,0.0211126506654583,0.0589603898946232,0.0220915283104572,0.000180910912343334,"NA_2019"
NA,NA,NA,NA,208494900,NA,2019,"BRA","urban","female","5",0.0778,3730,105000,11400,316000,0.961,0.00332,NA,0.965,0.978,0.965,0.0352,0.000121,NA,0.925,0.977,0.965,1,0.911,0.00293,NA,NA,0.999,0.826,0.145,0,0.0218,0.826,0.145,0,0.0217,0.971,0.993,0.971,0.992584868918149,0.00705023309384225,0.0288977974187889,0.00741513108185149,0.0000845824965541206,"NA_2019"
NA,NA,NA,NA,208494900,NA,2019,"BRA","urban","female","total",0.432,1090,105000,4030,316000,0.92,0.0102,NA,0.93,0.949,0.93,0.0697,0.000452,NA,0.833,0.946,0.931,1,0.813,0.00751,NA,NA,0.992,0.688,0.222,0,0.0579,0.688,0.22,0,0.0558,0.911,0.968,0.908,0.963680938156952,0.0315265556850042,0.0894304967321888,0.0363190618430479,0.00134975336506424,"NA_2019"
NA,NA,NA,NA,208494900,NA,2019,"BRA","urban","male","1",0.0573,215,360,1130,5000,0.856,0.0209,NA,0.876,0.899,0.876,0.124,0.00188,NA,0.715,0.887,0.878,1,0.688,0.0138,NA,NA,0.973,0.507,0.301,0,0.133,0.505,0.296,0,0.124,0.809,0.942,0.801,0.925179815805411,0.0582654610856369,0.191280517579247,0.0748201841945894,0.00496487516809799,"NA_2019"
NA,NA,NA,NA,208494900,NA,2019,"BRA","urban","male","2",0.0772,511,666,2320,8620,0.887,0.0127,NA,0.9,0.928,0.9,0.1,0.000479,NA,0.787,0.922,0.9,1,0.76,0.0105,NA,NA,0.992,0.6,0.278,0,0.0875,0.599,0.276,0,0.0853,0.878,0.965,0.874,0.959587344587176,0.0350053662488549,0.122465415645959,0.0404126554128242,0.000716060615471157,"NA_2019"
NA,NA,NA,NA,208494900,NA,2019,"BRA","urban","male","3",0.0907,848,1020,3420,10800,0.923,0.00812,NA,0.931,0.949,0.931,0.0693,0.000355,NA,0.838,0.946,0.931,1,0.818,0.00683,NA,NA,0.997,0.682,0.232,0,0.0641,0.681,0.231,0,0.0631,0.914,0.978,0.912,0.975001647805892,0.0223435157920953,0.0864630550010404,0.0249983521941079,0.000316831388435392,"NA_2019"
NA,NA,NA,NA,208494900,NA,2019,"BRA","urban","male","4",0.103,1360,1800,5090,19900,0.942,0.00478,NA,0.947,0.963,0.947,0.0532,0.00024,NA,0.878,0.962,0.947,1,0.862,0.00413,NA,NA,0.999,0.749,0.19,0,0.0434,0.749,0.19,0,0.0432,0.939,0.983,0.938,0.981585293324896,0.0174341332679568,0.0608365463000389,0.0184147066751037,0.0000979708070235314,"NA_2019"
NA,NA,NA,NA,208494900,NA,2019,"BRA","urban","male","5",0.115,4110,117000,13400,325000,0.953,0.00493,NA,0.957,0.975,0.957,0.0426,0.000152,NA,0.925,0.975,0.958,1,0.906,0.00356,NA,NA,0.999,0.818,0.148,0,0.0261,0.818,0.148,0,0.026,0.967,0.993,0.966,0.992211502527101,0.0073401436086639,0.0334403465440961,0.00778849747289944,0.000172291044048,"NA_2019"
NA,NA,NA,NA,208494900,NA,2019,"BRA","urban","male","total",0.427,1490,117000,5380,325000,0.92,0.00898,NA,0.929,0.949,0.929,0.0712,0.000496,NA,0.845,0.946,0.929,1,0.824,0.0069,NA,NA,0.994,0.695,0.218,0,0.0626,0.695,0.216,0,0.0608,0.913,0.976,0.911,0.971760553198756,0.0242453879802678,0.0868325790344949,0.0282394468012439,0.000905649088922262,"NA_2019"
NA,NA,NA,NA,16604026,NA,2019,"GTM","country","all","1",0.2,198,314,1610,4660,0.289,0.189,0.0051,0.483,0.478,0.432,0.402,0.196,0.0536,NA,NA,0.628,0.834,NA,NA,0.699,0.101,NA,0.126,0.077,0,0.744,NA,NA,NA,NA,0.203,0.947,NA,NA,0.0534069158154017,0.797386071369274,NA,0.0534069158154017,"NA_2019"
NA,NA,NA,NA,16604026,NA,2019,"GTM","country","all","2",0.2,420,538,3100,8860,0.41,0.254,0.00481,0.669,0.664,0.569,0.346,0.182,0.114,NA,NA,0.751,0.915,NA,NA,0.653,0.201,NA,0.267,0.0926,0,0.609,NA,NA,NA,NA,0.359,0.968,NA,NA,0.0319921517935197,0.640641472381873,NA,0.0302118349199043,"NA_2019"
NA,NA,NA,NA,16604026,NA,2019,"GTM","country","all","3",0.2,690,880,4580,10500,0.516,0.195,0.00698,0.718,0.711,0.517,0.426,0.275,0.211,NA,NA,0.791,0.943,NA,NA,0.563,0.326,NA,0.406,0.0959,0,0.473,NA,NA,NA,NA,0.502,0.974,NA,NA,0.0255661628253095,0.498220722677419,NA,0.0249657119174408,"NA_2019"
NA,NA,NA,NA,16604026,NA,2019,"GTM","country","all","4",0.2,1170,1560,6840,16100,0.717,0.145,0.0137,0.876,0.862,0.466,0.506,0.448,0.421,NA,NA,0.914,0.972,NA,NA,0.385,0.492,NA,0.596,0.132,0,0.258,NA,NA,NA,NA,0.728,0.987,NA,NA,0.0133840608365366,0.271735922206179,NA,0.0132111261665255,"NA_2019"
NA,NA,NA,NA,16604026,NA,2019,"GTM","country","all","5",0.2,2830,44900,13900,106000,0.854,0.0676,0.0125,0.934,0.921,0.353,0.638,0.614,0.598,NA,NA,0.967,0.991,NA,NA,0.305,0.645,NA,0.747,0.123,0,0.127,NA,NA,NA,NA,0.869,0.997,NA,NA,0.00323879120450275,0.130630105831847,NA,0.00246284861513903,"NA_2019"
NA,NA,NA,NA,16604026,NA,2019,"GTM","country","all","total",1,932,44900,5400,106000,0.557,0.17,0.00861,0.736,0.727,0.467,0.464,0.343,0.279,NA,NA,0.81,0.931,NA,NA,0.521,0.353,NA,0.428,0.104,0,0.442,NA,NA,NA,NA,0.532,0.974,NA,NA,0.0255192581825756,0.467744425607755,NA,0.0248533402486861,"NA_2019"
NA,NA,NA,NA,16604026,NA,2019,"GTM","country","female","1",0.0224,195,307,1240,2830,0.403,0.204,0.00269,0.609,0.607,0.502,0.429,0.166,0.112,NA,NA,0.668,0.932,NA,NA,0.612,0.193,NA,0.286,0.202,0,0.503,NA,NA,NA,NA,0.488,0.99,NA,NA,0.00962305442496881,0.512386231157834,NA,0.00962305442496881,"NA_2019"
NA,NA,NA,NA,16604026,NA,2019,"GTM","country","female","2",0.0324,410,538,2820,5700,0.49,0.275,0.00335,0.769,0.766,0.627,0.31,0.18,0.163,NA,NA,0.807,0.937,NA,NA,0.61,0.29,NA,0.404,0.146,0,0.436,NA,NA,NA,NA,0.549,0.985,NA,NA,0.0149945755852094,0.450641002222183,NA,0.0149945755852094,"NA_2019"
NA,NA,NA,NA,16604026,NA,2019,"GTM","country","female","3",0.0324,699,875,3880,7390,0.62,0.155,0.00824,0.784,0.776,0.517,0.392,0.287,0.27,NA,NA,0.804,0.91,NA,NA,0.497,0.447,NA,0.498,0.119,0,0.378,NA,NA,NA,NA,0.617,0.995,NA,NA,0.00521758895730876,0.383257369567656,NA,0.00521758895730876,"NA_2019"
NA,NA,NA,NA,16604026,NA,2019,"GTM","country","female","4",0.0384,1170,1560,6150,13800,0.742,0.144,0.00733,0.894,0.886,0.464,0.528,0.449,0.442,NA,NA,0.913,0.992,NA,NA,0.365,0.551,NA,0.632,0.137,0,0.229,NA,NA,NA,NA,0.768,0.998,NA,NA,0.0023881142906319,0.231809789923933,NA,0.0023881142906319,"NA_2019"
NA,NA,NA,NA,16604026,NA,2019,"GTM","country","female","5",0.034,2740,20400,10800,46100,0.895,0.0643,0.0121,0.971,0.959,0.36,0.638,0.625,0.616,NA,NA,0.984,0.998,NA,NA,0.287,0.658,NA,0.801,0.0985,0,0.0971,NA,NA,NA,NA,0.899,0.996,NA,NA,0.00373244763063567,0.10084733686299,NA,0,"NA_2019"
NA,NA,NA,NA,16604026,NA,2019,"GTM","country","female","total",0.157,993,20400,4860,46100,0.652,0.163,0.00713,0.822,0.815,0.489,0.468,0.36,0.342,NA,NA,0.849,0.957,NA,NA,0.459,0.45,NA,0.546,0.136,0,0.311,NA,NA,NA,NA,0.682,0.993,NA,NA,0.00678389946371103,0.318055082327422,NA,0.00595074607601271,"NA_2019"
NA,NA,NA,NA,16604026,NA,2019,"GTM","country","male","1",0.178,198,314,1660,4660,0.271,0.186,0.00549,0.462,0.457,0.421,0.398,0.201,0.0441,NA,NA,0.621,0.819,NA,NA,0.714,0.0857,NA,0.0998,0.0567,0,0.783,NA,NA,NA,NA,0.157,0.94,NA,NA,0.0604897477611432,0.843489953226114,NA,0.0604897477611432,"NA_2019"
NA,NA,NA,NA,16604026,NA,2019,"GTM","country","male","2",0.168,422,538,3160,8860,0.393,0.249,0.00512,0.647,0.642,0.556,0.354,0.183,0.103,NA,NA,0.739,0.91,NA,NA,0.663,0.182,NA,0.237,0.081,0,0.646,NA,NA,NA,NA,0.318,0.964,NA,NA,0.0357064264764582,0.682159976397494,NA,0.0335370784956873,"NA_2019"
NA,NA,NA,NA,16604026,NA,2019,"GTM","country","male","3",0.168,688,880,4720,10500,0.491,0.204,0.00668,0.702,0.695,0.517,0.434,0.272,0.196,NA,NA,0.788,0.951,NA,NA,0.578,0.297,NA,0.384,0.0904,0,0.495,NA,NA,NA,NA,0.474,0.97,NA,NA,0.0304322458976295,0.525712635876519,NA,0.0296882053693042,"NA_2019"
NA,NA,NA,NA,16604026,NA,2019,"GTM","country","male","4",0.162,1170,1560,7010,16100,0.71,0.146,0.0154,0.871,0.856,0.466,0.5,0.447,0.415,NA,NA,0.914,0.966,NA,NA,0.39,0.476,NA,0.587,0.131,0,0.266,NA,NA,NA,NA,0.718,0.984,NA,NA,0.0163401610736023,0.28246948194221,NA,0.0161207354337705,"NA_2019"
NA,NA,NA,NA,16604026,NA,2019,"GTM","country","male","5",0.166,2850,44900,14600,106000,0.843,0.0684,0.0126,0.924,0.911,0.351,0.638,0.611,0.594,NA,NA,0.962,0.989,NA,NA,0.31,0.642,NA,0.732,0.129,0,0.135,NA,NA,NA,NA,0.862,0.997,NA,NA,0.00310922976618204,0.138446672537978,NA,0.00310922976618204,"NA_2019"
NA,NA,NA,NA,16604026,NA,2019,"GTM","country","male","total",0.843,920,44900,5500,106000,0.536,0.172,0.00895,0.716,0.707,0.462,0.463,0.339,0.265,NA,NA,0.801,0.925,NA,NA,0.535,0.331,NA,0.401,0.0968,0,0.472,NA,NA,NA,NA,0.498,0.97,NA,NA,0.0298077361984717,0.502007951996778,NA,0.0291800980529706,"NA_2019"
NA,NA,NA,NA,16604026,NA,2019,"GTM","rural","all","1",0.128,200,312,1520,4650,0.237,0.156,0.00773,0.4,0.392,0.362,0.439,0.24,0.0393,NA,NA,0.602,0.801,NA,NA,0.716,0.0796,NA,0.0991,0.0791,0,0.769,NA,NA,NA,NA,0.178,0.947,NA,NA,0.0531065022344092,0.821813635767124,NA,0.0531065022344092,"NA_2019"
NA,NA,NA,NA,16604026,NA,2019,"GTM","rural","all","2",0.125,424,538,3200,8860,0.391,0.256,0.00364,0.651,0.648,0.598,0.309,0.149,0.0691,NA,NA,0.746,0.907,NA,NA,0.688,0.158,NA,0.24,0.0937,0,0.635,NA,NA,NA,NA,0.333,0.968,NA,NA,0.0319338334707871,0.666581712064957,NA,0.0290429100913578,"NA_2019"
NA,NA,NA,NA,16604026,NA,2019,"GTM","rural","all","3",0.104,685,880,4550,10500,0.46,0.222,0.00864,0.691,0.682,0.528,0.405,0.246,0.17,NA,NA,0.775,0.933,NA,NA,0.584,0.284,NA,0.358,0.12,0,0.505,NA,NA,NA,NA,0.478,0.984,NA,NA,0.0163751945804454,0.52164517223087,NA,0.0152294527397796,"NA_2019"
NA,NA,NA,NA,16604026,NA,2019,"GTM","rural","all","4",0.0955,1160,1550,7060,16000,0.648,0.197,0.0122,0.858,0.846,0.529,0.424,0.377,0.337,NA,NA,0.906,0.953,NA,NA,0.471,0.406,NA,0.483,0.191,0,0.317,NA,NA,NA,NA,0.674,0.991,NA,NA,0.00922750883953756,0.326065958841524,NA,0.00922750883953756,"NA_2019"
NA,NA,NA,NA,16604026,NA,2019,"GTM","rural","all","5",0.0897,2800,44900,15100,104000,0.806,0.0867,0.0183,0.911,0.893,0.443,0.549,0.527,0.495,NA,NA,0.97,0.992,NA,NA,0.411,0.531,NA,0.674,0.176,0,0.148,NA,NA,NA,NA,0.849,0.998,NA,NA,0.00235794678308197,0.15059062230937,NA,0.000483151967811893,"NA_2019"
NA,NA,NA,NA,16604026,NA,2019,"GTM","rural","all","total",0.554,827,44900,5090,104000,0.475,0.188,0.00937,0.673,0.663,0.49,0.417,0.288,0.193,NA,NA,0.778,0.907,NA,NA,0.594,0.264,NA,0.337,0.125,0,0.512,NA,NA,NA,NA,0.462,0.974,NA,NA,0.0256314248031964,0.538111341547617,NA,0.0244502511885813,"NA_2019"
NA,NA,NA,NA,16604026,NA,2019,"GTM","rural","female","1",0.0141,218,307,1410,2830,0.374,0.153,0.00424,0.531,0.527,0.49,0.425,0.126,0.0411,NA,NA,0.616,0.915,NA,NA,0.672,0.12,NA,0.289,0.178,0,0.533,NA,NA,NA,NA,0.467,1,NA,NA,0,0.533373543717504,NA,0,"NA_2019"
NA,NA,NA,NA,16604026,NA,2019,"GTM","rural","female","2",0.0169,412,535,2700,4320,0.467,0.309,0.00627,0.782,0.776,0.699,0.229,0.149,0.119,NA,NA,0.848,0.928,NA,NA,0.705,0.194,NA,0.327,0.169,0,0.488,NA,NA,NA,NA,0.496,0.985,NA,NA,0.0152164665074119,0.503586207306879,NA,0.0152164665074119,"NA_2019"
NA,NA,NA,NA,16604026,NA,2019,"GTM","rural","female","3",0.0195,698,875,4160,7390,0.568,0.185,0.0119,0.765,0.753,0.545,0.339,0.243,0.22,NA,NA,0.788,0.884,NA,NA,0.502,0.422,NA,0.42,0.148,0,0.43,NA,NA,NA,NA,0.569,0.998,NA,NA,0.00166333233686696,0.431311528604973,NA,0.00166333233686696,"NA_2019"
NA,NA,NA,NA,16604026,NA,2019,"GTM","rural","female","4",0.0181,1170,1550,6560,13800,0.635,0.259,0.0166,0.911,0.894,0.58,0.406,0.349,0.334,NA,NA,0.929,0.986,NA,NA,0.416,0.502,NA,0.526,0.203,0,0.266,NA,NA,NA,NA,0.729,0.995,NA,NA,0.00541557526765322,0.271172124424062,NA,0.00541557526765322,"NA_2019"
NA,NA,NA,NA,16604026,NA,2019,"GTM","rural","female","5",0.0134,2600,20400,10400,40700,0.851,0.0735,0.0268,0.951,0.925,0.454,0.546,0.525,0.502,NA,NA,0.979,1,NA,NA,0.41,0.485,NA,0.708,0.177,0,0.105,NA,NA,NA,NA,0.885,0.99,NA,NA,0.00960348602312029,0.114913959957271,NA,0,"NA_2019"
NA,NA,NA,NA,16604026,NA,2019,"GTM","rural","female","total",0.0822,869,20400,4530,40700,0.573,0.2,0.0128,0.786,0.773,0.557,0.382,0.271,0.237,NA,NA,0.829,0.939,NA,NA,0.542,0.346,NA,0.447,0.174,0,0.373,NA,NA,NA,NA,0.621,0.994,NA,NA,0.00622499481553617,0.378967327569584,NA,0.00457324283058385,"NA_2019"
NA,NA,NA,NA,16604026,NA,2019,"GTM","rural","male","1",0.114,197,312,1540,4650,0.215,0.156,0.00827,0.38,0.372,0.342,0.441,0.258,0.039,NA,NA,0.6,0.783,NA,NA,0.723,0.0734,NA,0.0698,0.0638,0,0.805,NA,NA,NA,NA,0.134,0.939,NA,NA,0.0613124607517718,0.866383082643063,NA,0.0613124607517718,"NA_2019"
NA,NA,NA,NA,16604026,NA,2019,"GTM","rural","male","2",0.108,426,538,3280,8860,0.377,0.247,0.00316,0.627,0.624,0.579,0.324,0.149,0.06,NA,NA,0.728,0.903,NA,NA,0.684,0.151,NA,0.224,0.0797,0,0.662,NA,NA,NA,NA,0.303,0.965,NA,NA,0.0350116935682636,0.696591064689805,NA,0.0315885178470689,"NA_2019"
NA,NA,NA,NA,16604026,NA,2019,"GTM","rural","male","3",0.0848,682,880,4630,10500,0.431,0.232,0.00775,0.671,0.663,0.524,0.422,0.247,0.156,NA,NA,0.771,0.946,NA,NA,0.606,0.247,NA,0.341,0.113,0,0.526,NA,NA,NA,NA,0.454,0.98,NA,NA,0.0203503965900642,0.54605367169426,NA,0.0188950708780902,"NA_2019"
NA,NA,NA,NA,16604026,NA,2019,"GTM","rural","male","4",0.0774,1160,1550,7180,16000,0.652,0.181,0.0111,0.844,0.833,0.516,0.428,0.384,0.338,NA,NA,0.9,0.944,NA,NA,0.485,0.382,NA,0.472,0.188,0,0.33,NA,NA,NA,NA,0.66,0.99,NA,NA,0.0102018626641756,0.340097162823723,NA,0.0102018626641756,"NA_2019"
NA,NA,NA,NA,16604026,NA,2019,"GTM","rural","male","5",0.0763,2840,44900,15900,104000,0.796,0.0899,0.0162,0.902,0.885,0.44,0.55,0.527,0.493,NA,NA,0.968,0.99,NA,NA,0.412,0.542,NA,0.665,0.175,0,0.159,NA,NA,NA,NA,0.841,0.999,NA,NA,0.000600353028105416,0.159244923510577,NA,0.000600353028105416,"NA_2019"
NA,NA,NA,NA,16604026,NA,2019,"GTM","rural","male","total",0.472,819,44900,5180,104000,0.454,0.186,0.00863,0.649,0.64,0.476,0.424,0.292,0.184,NA,NA,0.768,0.9,NA,NA,0.605,0.246,NA,0.314,0.114,0,0.542,NA,NA,NA,NA,0.428,0.97,NA,NA,0.0297700670215424,0.57205061504951,NA,0.0286892496039072,"NA_2019"
NA,NA,NA,NA,16604026,NA,2019,"GTM","urban","all","1",0.0718,195,314,1780,4660,0.391,0.252,0,0.643,0.643,0.568,0.331,0.11,0.0812,NA,NA,0.678,0.899,NA,NA,0.666,0.141,NA,0.177,0.0729,0,0.696,NA,NA,NA,NA,0.25,0.946,NA,NA,0.0539893392208375,0.750027409367057,NA,0.0539893392208375,"NA_2019"
NA,NA,NA,NA,16604026,NA,2019,"GTM","urban","all","2",0.0749,412,538,2940,6150,0.441,0.25,0.00667,0.698,0.691,0.522,0.404,0.236,0.186,NA,NA,0.759,0.927,NA,NA,0.598,0.27,NA,0.31,0.0909,0,0.567,NA,NA,NA,NA,0.401,0.968,NA,NA,0.0320856368338632,0.599058926113985,NA,0.0320856368338632,"NA_2019"
NA,NA,NA,NA,16604026,NA,2019,"GTM","urban","all","3",0.0957,695,880,4620,9860,0.577,0.165,0.00515,0.747,0.742,0.505,0.45,0.306,0.255,NA,NA,0.81,0.954,NA,NA,0.539,0.371,NA,0.459,0.0688,0,0.437,NA,NA,NA,NA,0.528,0.964,NA,NA,0.0356868615108936,0.472426726931799,NA,0.0356868615108936,"NA_2019"
NA,NA,NA,NA,16604026,NA,2019,"GTM","urban","all","4",0.104,1180,1560,6650,16100,0.775,0.101,0.015,0.892,0.877,0.412,0.576,0.508,0.492,NA,NA,0.92,0.988,NA,NA,0.312,0.564,NA,0.692,0.0824,0,0.209,NA,NA,NA,NA,0.774,0.983,NA,NA,0.0169100161554291,0.225648376137146,NA,0.0165903829910924,"NA_2019"
NA,NA,NA,NA,16604026,NA,2019,"GTM","urban","all","5",0.11,2860,21300,13000,106000,0.887,0.0541,0.00839,0.949,0.941,0.289,0.7,0.676,0.671,NA,NA,0.965,0.99,NA,NA,0.23,0.726,NA,0.798,0.0855,0,0.113,NA,NA,NA,NA,0.883,0.996,NA,NA,0.00386078994561652,0.116535203464213,NA,0.00386078994561652,"NA_2019"
NA,NA,NA,NA,16604026,NA,2019,"GTM","urban","all","total",0.446,1060,21300,5790,106000,0.652,0.149,0.00774,0.808,0.801,0.441,0.517,0.406,0.378,NA,NA,0.847,0.958,NA,NA,0.437,0.455,NA,0.533,0.0804,0,0.362,NA,NA,NA,NA,0.613,0.975,NA,NA,0.0253904653274622,0.386947162043417,NA,0.0253161783963324,"NA_2019"
NA,NA,NA,NA,16604026,NA,2019,"GTM","urban","female","1",0.00838,156,300,961,2580,0.452,0.293,0,0.746,0.746,0.524,0.437,0.235,0.235,NA,NA,0.759,0.961,NA,NA,0.507,0.321,NA,0.28,0.244,0,0.45,NA,NA,NA,NA,0.524,0.974,NA,NA,0.0263004907934307,0.476013728800295,NA,0.0263004907934307,"NA_2019"
NA,NA,NA,NA,16604026,NA,2019,"GTM","urban","female","2",0.0155,407,538,2960,5700,0.518,0.236,0,0.754,0.754,0.545,0.403,0.214,0.214,NA,NA,0.759,0.948,NA,NA,0.501,0.4,NA,0.492,0.118,0,0.375,NA,NA,NA,NA,0.61,0.985,NA,NA,0.0147403650839093,0.389984049732117,NA,0.0147403650839093,"NA_2019"
NA,NA,NA,NA,16604026,NA,2019,"GTM","urban","female","3",0.0129,701,875,3440,6340,0.692,0.114,0.00323,0.81,0.806,0.479,0.465,0.347,0.338,NA,NA,0.826,0.945,NA,NA,0.491,0.481,NA,0.604,0.0783,0,0.307,NA,NA,NA,NA,0.682,0.99,NA,NA,0.0100792288900616,0.317527163941244,NA,0.0100792288900616,"NA_2019"
NA,NA,NA,NA,16604026,NA,2019,"GTM","urban","female","4",0.0203,1160,1560,5790,10600,0.826,0.0536,0,0.88,0.88,0.373,0.624,0.528,0.528,NA,NA,0.901,0.997,NA,NA,0.324,0.59,NA,0.715,0.0842,0,0.201,NA,NA,NA,NA,0.799,1,NA,NA,0,0.200760090441141,NA,0,"NA_2019"
NA,NA,NA,NA,16604026,NA,2019,"GTM","urban","female","5",0.0206,2840,18000,11100,46100,0.923,0.0585,0.00276,0.984,0.981,0.3,0.697,0.688,0.688,NA,NA,0.988,0.996,NA,NA,0.208,0.768,NA,0.859,0.0486,0,0.0919,NA,NA,NA,NA,0.908,1,NA,NA,0,0.091904637032156,NA,0,"NA_2019"
NA,NA,NA,NA,16604026,NA,2019,"GTM","urban","female","total",0.0747,1130,18000,5210,46100,0.732,0.125,0.00133,0.859,0.857,0.419,0.555,0.451,0.449,NA,NA,0.87,0.975,NA,NA,0.374,0.556,NA,0.647,0.0972,0,0.249,NA,NA,NA,NA,0.744,0.993,NA,NA,0.0073527415098485,0.256059809374283,NA,0.0073527415098485,"NA_2019"
NA,NA,NA,NA,16604026,NA,2019,"GTM","urban","male","1",0.0634,200,314,1890,4660,0.38,0.245,0,0.625,0.625,0.576,0.312,0.0876,0.0542,NA,NA,0.663,0.888,NA,NA,0.694,0.11,NA,0.159,0.0427,0,0.739,NA,NA,NA,NA,0.202,0.941,NA,NA,0.0588649278066997,0.798277085652584,NA,0.0588649278066997,"NA_2019"
NA,NA,NA,NA,16604026,NA,2019,"GTM","urban","male","2",0.0594,413,538,2930,6150,0.42,0.253,0.00853,0.682,0.674,0.516,0.405,0.243,0.178,NA,NA,0.759,0.921,NA,NA,0.625,0.234,NA,0.26,0.0833,0,0.62,NA,NA,NA,NA,0.343,0.963,NA,NA,0.0369084396262532,0.657191592593295,NA,0.0369084396262532,"NA_2019"
NA,NA,NA,NA,16604026,NA,2019,"GTM","urban","male","3",0.0828,694,880,4800,9860,0.554,0.175,0.00555,0.735,0.729,0.51,0.446,0.297,0.238,NA,NA,0.807,0.956,NA,NA,0.55,0.349,NA,0.429,0.0669,0,0.463,NA,NA,NA,NA,0.496,0.959,NA,NA,0.0409783737486513,0.504434876428643,NA,0.0409783737486513,"NA_2019"
NA,NA,NA,NA,16604026,NA,2019,"GTM","urban","male","4",0.0842,1180,1560,6850,16100,0.761,0.115,0.0192,0.895,0.876,0.423,0.562,0.502,0.482,NA,NA,0.925,0.986,NA,NA,0.308,0.556,NA,0.685,0.0819,0,0.211,NA,NA,NA,NA,0.767,0.978,NA,NA,0.0216495248470989,0.232624019761183,NA,0.0212403054785507,"NA_2019"
NA,NA,NA,NA,16604026,NA,2019,"GTM","urban","male","5",0.0896,2860,21300,13400,106000,0.877,0.0529,0.00995,0.94,0.93,0.286,0.701,0.672,0.667,NA,NA,0.959,0.988,NA,NA,0.235,0.715,NA,0.781,0.0957,0,0.118,NA,NA,NA,NA,0.877,0.995,NA,NA,0.00492974921204065,0.123354811004561,NA,0.00492974921204065,"NA_2019"
NA,NA,NA,NA,16604026,NA,2019,"GTM","urban","male","total",0.371,1050,21300,5910,106000,0.632,0.155,0.00933,0.796,0.787,0.447,0.508,0.395,0.361,NA,NA,0.841,0.954,NA,NA,0.452,0.43,NA,0.504,0.0763,0,0.389,NA,NA,NA,NA,0.581,0.97,NA,NA,0.0298522044761209,0.41932293358605,NA,0.0297595422271181,"NA_2019"
NA,NA,NA,NA,28520000,NA,2019,"VEN","country","all","1",0.2,21.2,70.1,138,714,NA,0.107,NA,0.107,0.748,0.593,0.384,0.31,0,0.174,0.529,0.903,0.977,NA,0,0.412,NA,0.775,0.789,0.15,0,0.0426,0.669,0.0879,0,0.0176,0.939,0.981,0.757,0.774218491032502,0.0188118257563835,0.0614598841156986,0.225781508967498,0.0188118257563835,"NA_2019"
NA,NA,NA,NA,28520000,NA,2019,"VEN","country","all","2",0.2,128,191,759,2640,NA,0.163,NA,0.163,0.722,0.621,0.369,0.311,0,0.176,0.495,0.932,0.99,NA,0,0.494,NA,0.813,0.832,0.12,0,0.038,0.719,0.074,0,0.0195,0.953,0.991,0.793,0.81221033881789,0.00928879370326982,0.0473093130226665,0.18778966118211,0.00880746689790175,"NA_2019"
NA,NA,NA,NA,28520000,NA,2019,"VEN","country","all","3",0.2,265,353,1400,3800,NA,0.133,NA,0.133,0.758,0.625,0.36,0.303,0,0.193,0.539,0.928,0.986,NA,0.000609,0.516,NA,0.844,0.841,0.112,0,0.0352,0.753,0.0723,0,0.0165,0.953,0.988,0.825,0.841859640831758,0.0121206988865457,0.0472943210004699,0.158140359168242,0.0120404083453027,"NA_2019"
NA,NA,NA,NA,28520000,NA,2019,"VEN","country","all","4",0.2,512,735,2770,8550,NA,0.131,NA,0.131,0.773,0.647,0.34,0.283,0,0.186,0.494,0.93,0.987,NA,0.0000905,0.533,NA,0.87,0.848,0.112,0,0.0322,0.775,0.0731,0,0.0204,0.961,0.993,0.848,0.868774687767705,0.00697155757471672,0.0391876753473829,0.131225312232295,0.00697155757471672,"NA_2019"
NA,NA,NA,NA,28520000,NA,2019,"VEN","country","all","5",0.2,1640,54100,7120,120000,NA,0.122,NA,0.122,0.791,0.624,0.37,0.318,0,0.212,0.554,0.942,0.995,NA,0.00172,0.552,NA,0.881,0.891,0.0868,0,0.0191,0.814,0.0562,0,0.0101,0.978,0.997,0.871,0.880644060711497,0.00319202562226826,0.0222531640209038,0.119355939288503,0.00319202562226826,"NA_2019"
NA,NA,NA,NA,28520000,NA,2019,"VEN","country","all","total",1,465,54100,2230,120000,NA,0.131,NA,0.131,0.758,0.622,0.365,0.305,0,0.188,0.522,0.927,0.987,NA,0.000483,0.501,NA,0.837,0.84,0.116,0,0.0334,0.746,0.0727,0,0.0168,0.956,0.99,0.819,0.835537852371145,0.0100776029445474,0.0435023322131558,0.164462147628855,0.00996536842040199,"NA_2019"
NA,NA,NA,NA,28520000,NA,2019,"VEN","country","female","1",0.12,23.3,70.1,154,714,NA,0.11,NA,0.11,0.73,0.596,0.378,0.298,0,0.182,0.52,0.894,0.975,NA,0,0.417,NA,0.73,0.764,0.16,0,0.0501,0.625,0.0854,0,0.0192,0.924,0.975,0.71,0.729434746301597,0.0254428228408383,0.0755231333928094,0.270565253698403,0.0254428228408383,"NA_2019"
NA,NA,NA,NA,28520000,NA,2019,"VEN","country","female","2",0.137,129,191,785,2640,NA,0.147,NA,0.147,0.734,0.668,0.324,0.279,0,0.184,0.501,0.947,0.992,NA,0,0.513,NA,0.806,0.843,0.108,0,0.0392,0.727,0.0598,0,0.0186,0.951,0.99,0.786,0.805033058066982,0.00994669296409473,0.0491540901041734,0.194966941933018,0.00923255086691172,"NA_2019"
NA,NA,NA,NA,28520000,NA,2019,"VEN","country","female","3",0.133,265,353,1420,2970,NA,0.14,NA,0.14,0.746,0.619,0.367,0.306,0,0.207,0.539,0.924,0.985,NA,0.000939,0.515,NA,0.836,0.841,0.112,0,0.0329,0.746,0.0719,0,0.0157,0.953,0.986,0.818,0.833928238627569,0.0143216868776527,0.0471852029679983,0.166071761372431,0.0143216868776527,"NA_2019"
NA,NA,NA,NA,28520000,NA,2019,"VEN","country","female","4",0.119,514,735,2620,8550,NA,0.141,NA,0.141,0.762,0.65,0.336,0.288,0,0.185,0.475,0.938,0.986,NA,0.000147,0.553,NA,0.851,0.836,0.118,0,0.0355,0.753,0.0743,0,0.0226,0.954,0.99,0.827,0.849711563230724,0.0103905856363497,0.0458471828821099,0.150288436769276,0.0103905856363497,"NA_2019"
NA,NA,NA,NA,28520000,NA,2019,"VEN","country","female","5",0.116,1540,31500,6800,81100,NA,0.11,NA,0.11,0.804,0.601,0.395,0.339,0,0.227,0.593,0.94,0.996,NA,0.00299,0.538,NA,0.873,0.885,0.0895,0,0.0212,0.804,0.0564,0,0.0109,0.975,0.996,0.861,0.871663618655023,0.00391287253751437,0.0250746117508295,0.128336381344977,0.00391287253751437,"NA_2019"
NA,NA,NA,NA,28520000,NA,2019,"VEN","country","female","total",0.627,430,31500,2070,81100,NA,0.131,NA,0.131,0.755,0.628,0.359,0.301,0,0.197,0.524,0.929,0.987,NA,0.000783,0.508,NA,0.82,0.835,0.117,0,0.0358,0.731,0.0694,0,0.0175,0.951,0.987,0.801,0.818343429172222,0.012717333306932,0.0485138986733935,0.181656570827778,0.0125620075004507,"NA_2019"
NA,NA,NA,NA,28520000,NA,2019,"VEN","country","male","1",0.0804,18.1,70.1,114,592,NA,0.104,NA,0.104,0.772,0.588,0.392,0.327,0,0.163,0.541,0.915,0.981,NA,0,0.405,NA,0.835,0.822,0.135,0,0.0326,0.728,0.0911,0,0.0155,0.958,0.99,0.819,0.834602180147788,0.00987099088699026,0.0424978505161767,0.165397819852212,0.00987099088699026,"NA_2019"
NA,NA,NA,NA,28520000,NA,2019,"VEN","country","male","2",0.0625,128,191,703,1980,NA,0.196,NA,0.196,0.696,0.525,0.46,0.376,0,0.16,0.483,0.901,0.985,NA,0,0.454,NA,0.827,0.81,0.146,0,0.0356,0.702,0.103,0,0.0214,0.956,0.992,0.806,0.827029284236371,0.00793042782970538,0.0435003982220771,0.172970715763629,0.00793042782970538,"NA_2019"
NA,NA,NA,NA,28520000,NA,2019,"VEN","country","male","3",0.0673,263,353,1360,3800,NA,0.118,NA,0.118,0.78,0.637,0.349,0.299,0,0.168,0.538,0.936,0.986,NA,0,0.517,NA,0.86,0.84,0.113,0,0.0394,0.766,0.0729,0,0.018,0.953,0.992,0.839,0.856499287714682,0.00805815280026276,0.0474957292033094,0.143500712285318,0.00782868928622804,"NA_2019"
NA,NA,NA,NA,28520000,NA,2019,"VEN","country","male","4",0.081,510,735,2990,6730,NA,0.115,NA,0.115,0.789,0.642,0.347,0.275,0,0.188,0.525,0.917,0.989,NA,0,0.501,NA,0.899,0.868,0.104,0,0.027,0.811,0.0711,0,0.0169,0.972,0.999,0.883,0.899483891615011,0.0014637705642158,0.0284597291489583,0.100516108384989,0.0014637705642158,"NA_2019"
NA,NA,NA,NA,28520000,NA,2019,"VEN","country","male","5",0.0844,1780,54100,7570,120000,NA,0.138,NA,0.138,0.774,0.656,0.336,0.289,0,0.191,0.502,0.945,0.993,NA,0,0.572,NA,0.893,0.898,0.0831,0,0.0162,0.828,0.056,0,0.009,0.982,0.998,0.884,0.892710270948657,0.00222348862002837,0.0184622391122694,0.107289729051344,0.00222348862002837,"NA_2019"
NA,NA,NA,NA,28520000,NA,2019,"VEN","country","male","total",0.373,526,54100,2490,120000,NA,0.132,NA,0.132,0.764,0.612,0.374,0.311,0,0.174,0.519,0.924,0.987,NA,0,0.49,NA,0.864,0.849,0.115,0,0.0296,0.769,0.078,0,0.0158,0.965,0.994,0.847,0.863278941018575,0.0058187224260769,0.0354167856479961,0.136721058981425,0.00577649145564729,"NA_2019"
