"iso","scope","quintile","gender","population","year_survey","population_perc","ave_income_pc","max_income_pc","ave_hh_income","max_hh_income","access_water_piped_house","access_water_piped_plot","water_trucked","water_on_premises","water_distr","consume_distr","access_water_other_max","access_water_other_min","consume_bottled","access_water_daily","water_dist_continuity_jmp","improved_w_access_min","improved_w_access_max","access_water_piped_house_daily","access_water_piped_plot_daily","treat_water","water_meter","access_san_exclusive","access_sewer","access_septic","access_latrine_min","access_latrine_max","access_sewer_exclusive","access_septic_exclusive","access_latrine_exclusive_min","access_latrine_exclusive_max","improved_san_min__hh","improved_san_max","improved_san_min_exclusive","improved_san_max_exclusive","access_latrines_unimproved_min","access_latrines_unimproved_max","access_latrines_unimproved_exclusive_min","no_sanitation_access","name"
"PER","country","1","all",32824358,2020,0.2,125.179735148543,202.594974381583,743.466493695854,2713.41621017456,0.776,0.0387,0.0303,0.845,0.815,0.572,0.145,0.0529,NA,0.164,0.00367,0.625,0.717,0.15,0.0107,NA,NA,NA,0.536,0.157,0.179,0.179,NA,NA,NA,NA,0.872,0.872,NA,NA,0.128,0.128,NA,NA,"PER_2020"
"PER","country","2","all",32824358,2020,0.2,269.727747435071,342.789720535278,1525.1649305855,4654.16220092773,0.812,0.0362,0.0307,0.879,0.848,0.635,0.117,0.0476,NA,0.352,0.00614,0.683,0.752,0.326,0.0204,NA,NA,NA,0.621,0.115,0.153,0.153,NA,NA,NA,NA,0.889,0.889,NA,NA,0.111,0.111,NA,NA,"PER_2020"
"PER","country","3","all",32824358,2020,0.2,427.886313270459,526.227331797282,2377.76582670771,8306.25729370117,0.833,0.0385,0.0355,0.907,0.872,0.714,0.108,0.0518,NA,0.475,0.00787,0.766,0.823,0.446,0.0241,NA,NA,NA,0.721,0.0757,0.111,0.111,NA,NA,NA,NA,0.908,0.908,NA,NA,0.0916,0.0916,NA,NA,"PER_2020"
"PER","country","4","all",32824358,2020,0.2,662.326253297992,839.053295135498,3451.42199837841,9018.62779998779,0.863,0.0409,0.0307,0.934,0.904,0.789,0.0861,0.0482,NA,0.547,0.0131,0.837,0.875,0.515,0.0258,NA,NA,NA,0.805,0.0442,0.0851,0.0851,NA,NA,NA,NA,0.935,0.935,NA,NA,0.0653,0.0653,NA,NA,"PER_2020"
"PER","country","5","all",32824358,2020,0.2,1500.26710832942,28256.5826673508,6450.84132164381,74361.704208374,0.906,0.0286,0.022,0.957,0.935,0.863,0.0582,0.0316,NA,0.627,0.0106,0.894,0.921,0.604,0.0196,NA,NA,NA,0.887,0.0273,0.0474,0.0474,NA,NA,NA,NA,0.962,0.962,NA,NA,0.0382,0.0382,NA,NA,"PER_2020"
"PER","country","total","all",32824358,2020,1,554.911711142434,28256.5826673508,2735.64783301559,74361.704208374,0.838,0.0366,0.0299,0.904,0.875,0.715,0.103,0.0464,NA,0.433,0.00827,0.761,0.817,0.408,0.0201,NA,NA,NA,0.714,0.0836,0.115,0.115,NA,NA,NA,NA,0.913,0.913,NA,NA,0.0869,0.0869,NA,NA,"PER_2020"
"PER","country","1","female",32824358,2020,0.0402715790422543,125.367901448968,202.548774719238,657.136837032913,1763.56194227934,0.77,0.07,0.0429,0.882,0.84,0.693,0.142,0.0663,NA,0.184,0.00303,0.76,0.835,0.165,0.0136,NA,NA,NA,0.666,0.0948,0.145,0.145,NA,NA,NA,NA,0.905,0.905,NA,NA,0.095,0.095,NA,NA,"PER_2020"
"PER","country","2","female",32824358,2020,0.0528148545139887,268.550607195444,342.761490345001,1502.81147458029,4654.16220092773,0.808,0.0464,0.0391,0.894,0.855,0.705,0.125,0.0599,NA,0.369,0.00661,0.765,0.83,0.333,0.0265,NA,NA,NA,0.692,0.0926,0.127,0.127,NA,NA,NA,NA,0.912,0.912,NA,NA,0.0883,0.0883,NA,NA,"PER_2020"
"PER","country","3","female",32824358,2020,0.0579411000554653,426.272363158844,526.227331797282,2334.05921450002,5251.26449775696,0.836,0.0431,0.0405,0.92,0.879,0.75,0.103,0.0539,NA,0.491,0.00774,0.804,0.854,0.464,0.0227,NA,NA,NA,0.767,0.0584,0.0882,0.0882,NA,NA,NA,NA,0.914,0.914,NA,NA,0.0865,0.0865,NA,NA,"PER_2020"
"PER","country","4","female",32824358,2020,0.0524152999142557,663.224798580917,838.355543136597,3249.00895222772,9018.62779998779,0.854,0.0496,0.0269,0.931,0.904,0.809,0.0851,0.042,NA,0.56,0.0133,0.851,0.894,0.528,0.0294,NA,NA,NA,0.828,0.0411,0.0657,0.0657,NA,NA,NA,NA,0.935,0.935,NA,NA,0.0654,0.0654,NA,NA,"PER_2020"
"PER","country","5","female",32824358,2020,0.0577106555216001,1465.65911152191,14872.3408416748,6135.01088351413,74361.704208374,0.909,0.0288,0.0291,0.967,0.938,0.886,0.0539,0.0367,NA,0.67,0.0128,0.923,0.94,0.646,0.0202,NA,NA,NA,0.896,0.0243,0.0378,0.0378,NA,NA,NA,NA,0.958,0.958,NA,NA,0.0423,0.0423,NA,NA,"PER_2020"
"PER","country","total","female",32824358,2020,0.259128419439226,583.529533953827,14872.3408416748,2765.02896153695,74361.704208374,0.839,0.0463,0.0354,0.921,0.886,0.773,0.0996,0.0509,NA,0.47,0.00897,0.824,0.873,0.442,0.0228,NA,NA,NA,0.776,0.0602,0.0896,0.0896,NA,NA,NA,NA,0.926,0.926,NA,NA,0.0744,0.0744,NA,NA,"PER_2020"
"PER","country","1","male",32824358,2020,0.159728420957746,125.132293660076,202.594974381583,765.232385896791,2713.41621017456,0.778,0.0295,0.0266,0.834,0.807,0.536,0.146,0.049,NA,0.158,0.00385,0.585,0.682,0.145,0.00982,NA,NA,NA,0.498,0.175,0.19,0.19,NA,NA,NA,NA,0.862,0.862,NA,NA,0.138,0.138,NA,NA,"PER_2020"
"PER","country","2","male",32824358,2020,0.147185145486011,270.150143936383,342.789720535278,1533.18608328337,3845.8802690506,0.814,0.0321,0.0274,0.873,0.846,0.608,0.114,0.0427,NA,0.346,0.00596,0.65,0.721,0.324,0.018,NA,NA,NA,0.593,0.123,0.163,0.163,NA,NA,NA,NA,0.88,0.88,NA,NA,0.12,0.12,NA,NA,"PER_2020"
"PER","country","3","male",32824358,2020,0.142058899944535,428.544589836996,526.201889038086,2395.59230003673,8306.25729370117,0.832,0.0365,0.0333,0.902,0.869,0.699,0.11,0.0509,NA,0.469,0.00793,0.75,0.809,0.438,0.0247,NA,NA,NA,0.701,0.0832,0.122,0.122,NA,NA,NA,NA,0.906,0.906,NA,NA,0.0938,0.0938,NA,NA,"PER_2020"
"PER","country","4","male",32824358,2020,0.147584700085744,662.007131326245,839.053295135498,3523.30980595184,9009.00276565552,0.866,0.0374,0.0323,0.936,0.904,0.78,0.0865,0.0507,NA,0.542,0.013,0.831,0.867,0.51,0.0243,NA,NA,NA,0.796,0.0454,0.0929,0.0929,NA,NA,NA,NA,0.935,0.935,NA,NA,0.0652,0.0652,NA,NA,"PER_2020"
"PER","country","5","male",32824358,2020,0.1422893444784,1514.30364907935,28256.5826673508,6578.93792427385,56513.1653347015,0.905,0.0285,0.0189,0.952,0.933,0.852,0.0601,0.0294,NA,0.607,0.00961,0.882,0.912,0.585,0.0193,NA,NA,NA,0.883,0.0286,0.0516,0.0516,NA,NA,NA,NA,0.964,0.964,NA,NA,0.0364,0.0364,NA,NA,"PER_2020"
"PER","country","total","male",32824358,2020,0.740871580560774,544.902296032604,28256.5826673508,2725.37144288963,56513.1653347015,0.838,0.0327,0.0277,0.898,0.87,0.691,0.104,0.0447,NA,0.419,0.008,0.736,0.796,0.395,0.019,NA,NA,NA,0.69,0.0928,0.125,0.125,NA,NA,NA,NA,0.908,0.908,NA,NA,0.0918,0.0918,NA,NA,"PER_2020"
"PER","rural","1","all",32824358,2020,0.0837839574186406,131.892622124965,202.594974381583,782.475248737589,2469.25489664078,0.719,0.0182,0.00422,0.741,0.737,0.259,0.168,0.0103,NA,0.211,0.00585,0.269,0.427,0.198,0.0088,NA,NA,NA,0.172,0.312,0.279,0.279,NA,NA,NA,NA,0.763,0.763,NA,NA,0.237,0.237,NA,NA,"PER_2020"
"PER","rural","2","all",32824358,2020,0.0554703227470604,264.622720547891,342.789720535278,1386.79002115095,3849.53657817841,0.724,0.0147,0.00557,0.745,0.739,0.248,0.16,0.00986,NA,0.338,0.00632,0.258,0.408,0.324,0.00953,NA,NA,NA,0.209,0.277,0.28,0.28,NA,NA,NA,NA,0.766,0.766,NA,NA,0.234,0.234,NA,NA,"PER_2020"
"PER","rural","3","all",32824358,2020,0.0325809551498995,417.504808530782,526.201889038086,2113.57767584742,5173.77958679199,0.761,0.0116,0.0135,0.786,0.773,0.3,0.16,0.0235,NA,0.448,0.0117,0.324,0.46,0.433,0.00907,NA,NA,NA,0.247,0.265,0.251,0.251,NA,NA,NA,NA,0.762,0.762,NA,NA,0.238,0.238,NA,NA,"PER_2020"
"PER","rural","4","all",32824358,2020,0.0189822832840436,647.497953942903,838.917520713806,3050.78897245855,7553.15380597115,0.76,0.0147,0.0161,0.791,0.775,0.323,0.159,0.0284,NA,0.503,0.00821,0.351,0.482,0.485,0.00985,NA,NA,NA,0.328,0.21,0.261,0.261,NA,NA,NA,NA,0.8,0.8,NA,NA,0.2,0.2,NA,NA,"PER_2020"
"PER","rural","5","all",32824358,2020,0.0103875474232388,1342.62866450634,14493.2073140144,5447.4944255094,30309.8055968285,0.729,0.0155,0.0209,0.766,0.745,0.405,0.181,0.0295,NA,0.496,0.00479,0.434,0.586,0.474,0.0124,NA,NA,NA,0.376,0.194,0.259,0.259,NA,NA,NA,NA,0.829,0.829,NA,NA,0.171,0.171,NA,NA,"PER_2020"
"PER","rural","total","all",32824358,2020,0.21166650515678,308.512212157784,14493.2073140144,1549.33974344741,30309.8055968285,0.733,0.0155,0.00843,0.757,0.748,0.278,0.164,0.0155,NA,0.335,0.0072,0.294,0.442,0.321,0.00937,NA,NA,NA,0.224,0.276,0.271,0.271,NA,NA,NA,NA,0.771,0.771,NA,NA,0.229,0.229,NA,NA,"PER_2020"
"PER","rural","1","female",32824358,2020,0.00858513907173955,135.297044973688,202.509886741638,666.711984396382,1553.06702804565,0.691,0.023,0.00617,0.72,0.714,0.308,0.208,0.0154,NA,0.266,0.0123,0.323,0.516,0.241,0.0108,NA,NA,NA,0.205,0.278,0.273,0.273,NA,NA,NA,NA,0.756,0.756,NA,NA,0.244,0.244,NA,NA,"PER_2020"
"PER","rural","2","female",32824358,2020,0.00729326406093449,266.0354652004,342.542409896851,1215.23845675777,3849.53657817841,0.734,0.0176,0.00307,0.755,0.752,0.282,0.179,0.0131,NA,0.359,0.00335,0.295,0.461,0.338,0.011,NA,NA,NA,0.222,0.284,0.258,0.258,NA,NA,NA,NA,0.763,0.763,NA,NA,0.237,0.237,NA,NA,"PER_2020"
"PER","rural","3","female",32824358,2020,0.00562283666146526,420.996546985974,526.131387710571,1792.59615373794,4067.28819513321,0.777,0.0124,0.0153,0.805,0.79,0.277,0.162,0.0275,NA,0.446,0.0125,0.305,0.44,0.432,0.00986,NA,NA,NA,0.268,0.261,0.246,0.246,NA,NA,NA,NA,0.774,0.774,NA,NA,0.226,0.226,NA,NA,"PER_2020"
"PER","rural","4","female",32824358,2020,0.00337710974431886,661.144948437558,838.056377410889,2652.86516089452,6645.31685733795,0.754,0.0239,0.00831,0.786,0.778,0.366,0.152,0.0178,NA,0.504,0.00352,0.384,0.518,0.482,0.0162,NA,NA,NA,0.341,0.249,0.193,0.193,NA,NA,NA,NA,0.783,0.783,NA,NA,0.217,0.217,NA,NA,"PER_2020"
"PER","rural","5","female",32824358,2020,0.00182879025070113,1334.51282687531,6246.66675567627,4953.31150628975,30309.8055968285,0.754,0.0238,0.0206,0.798,0.777,0.41,0.156,0.0252,NA,0.532,0.00996,0.435,0.565,0.488,0.0232,NA,NA,NA,0.351,0.187,0.256,0.256,NA,NA,NA,NA,0.794,0.794,NA,NA,0.206,0.206,NA,NA,"PER_2020"
"PER","rural","total","female",32824358,2020,0.027748510185816,359.69861024039,6246.66675567627,1525.39968624257,30309.8055968285,0.736,0.0193,0.00865,0.764,0.755,0.309,0.178,0.0185,NA,0.385,0.0084,0.327,0.487,0.362,0.0123,NA,NA,NA,0.253,0.265,0.25,0.25,NA,NA,NA,NA,0.768,0.768,NA,NA,0.232,0.232,NA,NA,"PER_2020"
"PER","rural","1","male",32824358,2020,0.075198818346901,131.503953203594,202.594974381583,795.691463375206,2469.25489664078,0.723,0.0175,0.00394,0.744,0.74,0.252,0.162,0.00955,NA,0.203,0.00493,0.261,0.414,0.192,0.00852,NA,NA,NA,0.167,0.317,0.28,0.28,NA,NA,NA,NA,0.764,0.764,NA,NA,0.236,0.236,NA,NA,"PER_2020"
"PER","rural","2","male",32824358,2020,0.0481770586861259,264.40885278422,342.789720535278,1412.7602836225,3549.40854644775,0.722,0.0141,0.00607,0.743,0.737,0.241,0.157,0.00921,NA,0.333,0.00692,0.251,0.398,0.321,0.00924,NA,NA,NA,0.207,0.276,0.284,0.284,NA,NA,NA,NA,0.767,0.767,NA,NA,0.233,0.233,NA,NA,"PER_2020"
"PER","rural","3","male",32824358,2020,0.0269581184884343,416.776513082176,526.201889038086,2180.52695759883,5173.77958679199,0.756,0.0114,0.0131,0.781,0.768,0.306,0.159,0.0224,NA,0.449,0.0115,0.329,0.465,0.433,0.00885,NA,NA,NA,0.241,0.266,0.252,0.252,NA,NA,NA,NA,0.759,0.759,NA,NA,0.241,0.241,NA,NA,"PER_2020"
"PER","rural","4","male",32824358,2020,0.0156051735397247,644.544612990221,838.917520713806,3136.90351505614,7553.15380597115,0.762,0.012,0.0183,0.792,0.774,0.31,0.161,0.0314,NA,0.502,0.00956,0.342,0.471,0.486,0.008,NA,NA,NA,0.325,0.199,0.281,0.281,NA,NA,NA,NA,0.804,0.804,NA,NA,0.196,0.196,NA,NA,"PER_2020"
"PER","rural","5","male",32824358,2020,0.00855875717253768,1344.36281403725,14493.2073140144,5553.08883443033,29283.1884098053,0.723,0.0133,0.0209,0.757,0.736,0.403,0.188,0.0306,NA,0.487,0.00346,0.434,0.592,0.471,0.00965,NA,NA,NA,0.382,0.195,0.26,0.26,NA,NA,NA,NA,0.838,0.838,NA,NA,0.162,0.162,NA,NA,"PER_2020"
"PER","rural","total","male",32824358,2020,0.183917994970964,300.78949699446,14493.2073140144,1552.95168430889,29283.1884098053,0.732,0.0148,0.00839,0.755,0.747,0.272,0.161,0.0149,NA,0.326,0.00696,0.287,0.433,0.313,0.00879,NA,NA,NA,0.218,0.279,0.275,0.275,NA,NA,NA,NA,0.772,0.772,NA,NA,0.228,0.228,NA,NA,"PER_2020"
"PER","urban","1","all",32824358,2020,0.116216042581359,120.340194719389,202.548774719238,715.343802552908,2713.41621017456,0.814,0.0523,0.0476,0.913,0.866,0.779,0.129,0.0812,NA,0.133,0.00222,0.86,0.909,0.118,0.0119,NA,NA,NA,0.777,0.0536,0.114,0.114,NA,NA,NA,NA,0.944,0.944,NA,NA,0.0562,0.0562,NA,NA,"PER_2020"
"PER","urban","2","all",32824358,2020,0.14452967725294,271.68705084214,342.771813392639,1578.27306057182,4654.16220092773,0.849,0.0453,0.0414,0.936,0.895,0.8,0.0986,0.0636,NA,0.359,0.00607,0.863,0.898,0.327,0.025,NA,NA,NA,0.796,0.0455,0.0993,0.0993,NA,NA,NA,NA,0.941,0.941,NA,NA,0.0591,0.0591,NA,NA,"PER_2020"
"PER","urban","3","all",32824358,2020,0.1674190448501,429.906629063173,526.227331797282,2429.17874870843,8306.25729370117,0.85,0.0446,0.0405,0.935,0.895,0.809,0.0964,0.0583,NA,0.482,0.00701,0.867,0.905,0.449,0.0276,NA,NA,NA,0.829,0.0326,0.0798,0.0798,NA,NA,NA,NA,0.942,0.942,NA,NA,0.0583,0.0583,NA,NA,"PER_2020"
"PER","urban","4","all",32824358,2020,0.181017716715956,663.88121147604,839.053295135498,3493.43407172086,9018.62779998779,0.876,0.0441,0.0326,0.952,0.92,0.846,0.0771,0.0507,NA,0.553,0.0137,0.897,0.924,0.518,0.0277,NA,NA,NA,0.865,0.0235,0.0632,0.0632,NA,NA,NA,NA,0.952,0.952,NA,NA,0.0485,0.0485,NA,NA,"PER_2020"
"PER","urban","5","all",32824358,2020,0.189612452576761,1508.90302220894,28256.5826673508,6505.80771928236,74361.704208374,0.917,0.0294,0.0221,0.969,0.947,0.892,0.0504,0.0317,NA,0.635,0.0109,0.923,0.942,0.612,0.02,NA,NA,NA,0.919,0.0167,0.034,0.034,NA,NA,NA,NA,0.97,0.97,NA,NA,0.0298,0.0298,NA,NA,"PER_2020"
"PER","urban","total","all",32824358,2020,0.78833349484322,621.069652119982,28256.5826673508,3054.16999273691,74361.704208374,0.866,0.0422,0.0356,0.944,0.908,0.831,0.0865,0.0547,NA,0.459,0.00856,0.886,0.917,0.431,0.023,NA,NA,NA,0.845,0.0323,0.0737,0.0737,NA,NA,NA,NA,0.951,0.951,NA,NA,0.0491,0.0491,NA,NA,"PER_2020"
"PER","urban","1","female",32824358,2020,0.0316864399705147,122.677694593849,202.548774719238,654.542542065593,1763.56194227934,0.792,0.0831,0.0531,0.928,0.875,0.801,0.123,0.0804,NA,0.161,0.000451,0.881,0.924,0.143,0.0144,NA,NA,NA,0.794,0.0435,0.109,0.109,NA,NA,NA,NA,0.947,0.947,NA,NA,0.0534,0.0534,NA,NA,"PER_2020"
"PER","urban","2","female",32824358,2020,0.0455215904530542,268.953571910385,342.761490345001,1548.88512743173,4654.16220092773,0.824,0.0525,0.0467,0.923,0.876,0.794,0.114,0.0697,NA,0.371,0.00729,0.864,0.908,0.332,0.0298,NA,NA,NA,0.791,0.0523,0.0995,0.0995,NA,NA,NA,NA,0.943,0.943,NA,NA,0.057,0.057,NA,NA,"PER_2020"
"PER","urban","3","female",32824358,2020,0.0523182633940001,426.839374574582,526.227331797282,2392.25224598415,5251.26449775696,0.845,0.0477,0.0442,0.937,0.893,0.821,0.0943,0.0578,NA,0.498,0.00703,0.879,0.915,0.469,0.0246,NA,NA,NA,0.841,0.0282,0.0647,0.0647,NA,NA,NA,NA,0.934,0.934,NA,NA,0.0657,0.0657,NA,NA,"PER_2020"
"PER","urban","4","female",32824358,2020,0.0490381901699369,663.368031480858,838.355543136597,3290.06354661119,9018.62779998779,0.864,0.052,0.0286,0.944,0.916,0.851,0.0789,0.0443,NA,0.565,0.0142,0.895,0.93,0.532,0.0307,NA,NA,NA,0.874,0.0215,0.0537,0.0537,NA,NA,NA,NA,0.949,0.949,NA,NA,0.0511,0.0511,NA,NA,"PER_2020"
"PER","urban","5","female",32824358,2020,0.055881865270899,1469.95100560265,14872.3408416748,6173.68318426592,74361.704208374,0.916,0.029,0.0295,0.974,0.945,0.906,0.0497,0.0371,NA,0.676,0.0129,0.943,0.955,0.652,0.0201,NA,NA,NA,0.918,0.0175,0.0287,0.0287,NA,NA,NA,NA,0.964,0.964,NA,NA,0.0355,0.0355,NA,NA,"PER_2020"
"PER","urban","total","female",32824358,2020,0.23137990925341,610.372723090705,14872.3408416748,2913.69297339145,74361.704208374,0.854,0.0502,0.0392,0.943,0.904,0.84,0.0884,0.0556,NA,0.482,0.00905,0.895,0.928,0.453,0.0243,NA,NA,NA,0.85,0.031,0.0668,0.0668,NA,NA,NA,NA,0.948,0.948,NA,NA,0.052,0.052,NA,NA,"PER_2020"
"PER","urban","1","male",32824358,2020,0.0845296026108447,119.463968555234,202.418944954872,738.135527949187,2713.41621017456,0.823,0.0394,0.0453,0.907,0.862,0.77,0.132,0.0815,NA,0.121,0.00297,0.852,0.902,0.107,0.0109,NA,NA,NA,0.769,0.0579,0.115,0.115,NA,NA,NA,NA,0.943,0.943,NA,NA,0.0575,0.0575,NA,NA,"PER_2020"
"PER","urban","2","male",32824358,2020,0.0990080867998854,272.943840185973,342.771813392639,1591.78494126667,3845.8802690506,0.862,0.0416,0.0387,0.943,0.904,0.802,0.0908,0.0604,NA,0.353,0.00545,0.863,0.893,0.325,0.0226,NA,NA,NA,0.799,0.0421,0.0992,0.0992,NA,NA,NA,NA,0.94,0.94,NA,NA,0.0601,0.0601,NA,NA,"PER_2020"
"PER","urban","3","male",32824358,2020,0.1151007814561,431.300828357048,526.201640605927,2445.96343488787,8306.25729370117,0.853,0.0431,0.0387,0.934,0.896,0.803,0.0975,0.0585,NA,0.474,0.00699,0.861,0.9,0.44,0.029,NA,NA,NA,0.824,0.0347,0.087,0.087,NA,NA,NA,NA,0.945,0.945,NA,NA,0.0547,0.0547,NA,NA,"PER_2020"
"PER","urban","4","male",32824358,2020,0.13197952654602,664.071888157899,839.053295135498,3568.99823493833,9009.00276565552,0.881,0.0408,0.0342,0.956,0.921,0.845,0.0763,0.0533,NA,0.548,0.0135,0.898,0.921,0.513,0.0265,NA,NA,NA,0.861,0.0244,0.0672,0.0672,NA,NA,NA,NA,0.953,0.953,NA,NA,0.0474,0.0474,NA,NA,"PER_2020"
"PER","urban","5","male",32824358,2020,0.133730587305862,1525.17986199462,28256.5826673508,6644.59226284007,56513.1653347015,0.918,0.0296,0.0187,0.966,0.947,0.885,0.0507,0.0293,NA,0.616,0.0101,0.914,0.936,0.594,0.02,NA,NA,NA,0.92,0.0164,0.0364,0.0364,NA,NA,NA,NA,0.973,0.973,NA,NA,0.0273,0.0273,NA,NA,"PER_2020"
"PER","urban","total","male",32824358,2020,0.55695358558981,625.513567254245,28256.5826673508,3112.52954159217,56513.1653347015,0.872,0.0385,0.0339,0.944,0.91,0.827,0.0857,0.0543,NA,0.449,0.00833,0.881,0.913,0.422,0.0223,NA,NA,NA,0.842,0.0329,0.0769,0.0769,NA,NA,NA,NA,0.952,0.952,NA,NA,0.0478,0.0478,NA,NA,"PER_2020"
