"iso","scope","quintile","gender","population","year_survey","population_perc","ave_income_pc","max_income_pc","ave_hh_income","max_hh_income","access_water_piped_house","access_water_piped_plot","water_trucked","water_on_premises","water_distr","consume_distr","access_water_other_max","access_water_other_min","consume_bottled","access_water_daily","water_dist_continuity_jmp","improved_w_access_min","improved_w_access_max","access_water_piped_house_daily","access_water_piped_plot_daily","treat_water","water_meter","access_san_exclusive","access_sewer","access_septic","access_latrine_min","access_latrine_max","access_sewer_exclusive","access_septic_exclusive","access_latrine_exclusive_min","access_latrine_exclusive_max","improved_san_min__hh","improved_san_max","improved_san_min_exclusive","improved_san_max_exclusive","access_latrines_unimproved_min","access_latrines_unimproved_max","access_latrines_unimproved_exclusive_min","no_sanitation_access","name"
"PRY","country","1","all",7252672,2020,0.2,279716.975960711,432175.328125,1869844.54316923,8085748.375,0.576,0.186,0,0.762,0.762,0.709,0.228,0.228,0.0674,0.58,NA,0.938,0.938,0.45,0.116,NA,NA,NA,0.0154,0.426,0.409,0.409,NA,NA,NA,NA,0.851,0.851,NA,NA,0.149,0.149,NA,0.0111,"PRY_2020"
"PRY","country","2","all",7252672,2020,0.2,555755.504388212,689597.6953125,3434922.34513351,10086474,0.69,0.119,0,0.809,0.809,0.695,0.274,0.274,0.121,0.627,NA,0.969,0.969,0.538,0.0769,NA,NA,NA,0.0398,0.492,0.386,0.386,NA,NA,NA,NA,0.918,0.918,NA,NA,0.0825,0.0825,NA,0.00656,"PRY_2020"
"PRY","country","3","all",7252672,2020,0.2,845469.552427129,1026623.41666667,4820795.57682704,11932013.109375,0.774,0.0762,0,0.85,0.85,0.673,0.31,0.31,0.212,0.682,NA,0.983,0.983,0.623,0.0557,NA,NA,NA,0.06,0.541,0.354,0.354,NA,NA,NA,NA,0.956,0.956,NA,NA,0.0443,0.0443,NA,0.000885,"PRY_2020"
"PRY","country","4","all",7252672,2020,0.2,1285544.54419306,1635974.0625,6631574.67431599,18800000,0.782,0.0514,0,0.834,0.834,0.619,0.369,0.369,0.257,0.632,NA,0.987,0.987,0.6,0.0311,NA,NA,NA,0.0735,0.633,0.253,0.253,NA,NA,NA,NA,0.959,0.959,NA,NA,0.0407,0.0407,NA,0.0097,"PRY_2020"
"PRY","country","5","all",7252672,2020,0.2,2896341.0024852,37700000,12463643.1002013,77731088.5,0.836,0.028,0.000856,0.865,0.864,0.483,0.511,0.511,0.422,0.669,NA,0.994,0.994,0.649,0.0206,NA,NA,NA,0.2,0.644,0.147,0.147,NA,NA,NA,NA,0.992,0.992,NA,NA,0.00827,0.00827,NA,0.00274,"PRY_2020"
"PRY","country","total","all",7252672,2020,1,1062547.40460295,37700000,5401257.83056581,77731088.5,0.732,0.0921,0.000171,0.824,0.824,0.636,0.338,0.338,0.216,0.638,NA,0.974,0.974,0.572,0.0601,NA,NA,NA,0.0778,0.547,0.31,0.31,NA,NA,NA,NA,0.935,0.935,NA,NA,0.065,0.065,NA,0.0062,"PRY_2020"
"PRY","country","1","female",7252672,2020,0.0872009865543368,275415.279972446,432175.328125,1961195.95523732,8085748.375,0.631,0.23,0,0.861,0.861,0.8,0.149,0.149,0.0705,0.613,NA,0.949,0.949,0.468,0.136,NA,NA,NA,0.0238,0.396,0.436,0.436,NA,NA,NA,NA,0.855,0.855,NA,NA,0.145,0.145,NA,0.0156,"PRY_2020"
"PRY","country","2","female",7252672,2020,0.0871724301326827,553339.562230049,689597.6953125,3783222.22874722,10086474,0.733,0.0979,0,0.831,0.831,0.699,0.279,0.279,0.143,0.64,NA,0.978,0.978,0.579,0.0549,NA,NA,NA,0.0529,0.489,0.379,0.379,NA,NA,NA,NA,0.921,0.921,NA,NA,0.0793,0.0793,NA,0.00504,"PRY_2020"
"PRY","country","3","female",7252672,2020,0.0717990401591895,833191.935437985,1023333.33333333,4635524.14859196,7944372.125,0.764,0.0911,0,0.855,0.855,0.701,0.275,0.275,0.187,0.692,NA,0.976,0.976,0.619,0.0732,NA,NA,NA,0.0399,0.462,0.433,0.433,NA,NA,NA,NA,0.935,0.935,NA,NA,0.0652,0.0652,NA,0.000844,"PRY_2020"
"PRY","country","4","female",7252672,2020,0.0746293391923356,1281778.86808892,1632621.9375,6714549.26565485,12781821.90625,0.809,0.0649,0,0.874,0.874,0.598,0.394,0.394,0.345,0.641,NA,0.991,0.991,0.613,0.0289,NA,NA,NA,0.0944,0.64,0.231,0.231,NA,NA,NA,NA,0.965,0.965,NA,NA,0.0345,0.0345,NA,0.0112,"PRY_2020"
"PRY","country","5","female",7252672,2020,0.0648732031044738,2638414.65551249,16392858,11884364.4640008,35465572,0.875,0.0196,0.00274,0.898,0.895,0.469,0.53,0.53,0.477,0.691,NA,1,1,0.672,0.0186,NA,NA,NA,0.238,0.622,0.134,0.134,NA,NA,NA,NA,0.993,0.993,NA,NA,0.00659,0.00659,NA,0.00659,"PRY_2020"
"PRY","country","total","female",7252672,2020,0.390567869401295,941921.479013901,16392858,5076235.41649723,35465572,0.754,0.108,0.000456,0.862,0.861,0.665,0.313,0.313,0.23,0.653,NA,0.977,0.977,0.583,0.0659,NA,NA,NA,0.0826,0.514,0.333,0.333,NA,NA,NA,NA,0.929,0.929,NA,NA,0.0709,0.0709,NA,0.00815,"PRY_2020"
"PRY","country","1","male",7252672,2020,0.112799013445663,283042.467226769,430872.645833333,1799223.94984901,4119230.6875,0.534,0.153,0,0.687,0.687,0.641,0.288,0.288,0.0651,0.555,NA,0.929,0.929,0.437,0.101,NA,NA,NA,0.00898,0.449,0.389,0.389,NA,NA,NA,NA,0.847,0.847,NA,NA,0.153,0.153,NA,0.00772,"PRY_2020"
"PRY","country","2","male",7252672,2020,0.112827569867317,557622.100905666,687941.541666667,3165820.14515489,6538349,0.661,0.134,0,0.794,0.794,0.693,0.27,0.27,0.105,0.617,NA,0.963,0.963,0.509,0.0923,NA,NA,NA,0.0307,0.494,0.39,0.39,NA,NA,NA,NA,0.915,0.915,NA,NA,0.0847,0.0847,NA,0.00762,"PRY_2020"
"PRY","country","3","male",7252672,2020,0.12820095984081,852345.640690098,1026623.41666667,4924556.97403279,11932013.109375,0.779,0.068,0,0.847,0.847,0.658,0.329,0.329,0.225,0.676,NA,0.987,0.987,0.625,0.046,NA,NA,NA,0.0711,0.586,0.311,0.311,NA,NA,NA,NA,0.967,0.967,NA,NA,0.0327,0.0327,NA,0.000907,"PRY_2020"
"PRY","country","4","male",7252672,2020,0.125370660807664,1287786.13658362,1635974.0625,6582182.42511286,18800000,0.767,0.0436,0,0.811,0.811,0.631,0.355,0.355,0.206,0.627,NA,0.985,0.985,0.593,0.0323,NA,NA,NA,0.0614,0.628,0.266,0.266,NA,NA,NA,NA,0.956,0.956,NA,NA,0.0443,0.0443,NA,0.00881,"PRY_2020"
"PRY","country","5","male",7252672,2020,0.135126796895526,3020169.20442276,37700000,12741749.7487988,77731088.5,0.818,0.0318,0,0.85,0.85,0.49,0.502,0.502,0.397,0.66,NA,0.992,0.992,0.638,0.0216,NA,NA,NA,0.183,0.655,0.153,0.153,NA,NA,NA,NA,0.991,0.991,NA,NA,0.00903,0.00903,NA,0.00099,"PRY_2020"
"PRY","country","total","male",7252672,2020,0.609432130598705,1139853.15923324,37700000,5609555.5316498,77731088.5,0.718,0.0829,0,0.801,0.801,0.619,0.354,0.354,0.207,0.629,NA,0.973,0.973,0.565,0.0566,NA,NA,NA,0.0749,0.567,0.296,0.296,NA,NA,NA,NA,0.938,0.938,NA,NA,0.0616,0.0616,NA,0.00503,"PRY_2020"
"PRY","rural","1","all",7252672,2020,0.108289377703465,274342.131068258,432016.89375,1779937.62548034,3815065,0.472,0.249,0,0.721,0.721,0.708,0.205,0.205,0.0185,0.595,NA,0.913,0.913,0.399,0.174,NA,NA,NA,0.00213,0.326,0.441,0.441,NA,NA,NA,NA,0.769,0.769,NA,NA,0.231,0.231,NA,0.018,"PRY_2020"
"PRY","rural","2","all",7252672,2020,0.0897483931938032,549190.630372922,689597.6953125,3121479.99585297,6738833.3125,0.604,0.174,0,0.778,0.778,0.711,0.261,0.261,0.0662,0.591,NA,0.973,0.973,0.472,0.115,NA,NA,NA,0.00418,0.38,0.47,0.47,NA,NA,NA,NA,0.854,0.854,NA,NA,0.146,0.146,NA,0.00366,"PRY_2020"
"PRY","rural","3","all",7252672,2020,0.068377244514061,836251.278042317,1020761.99479167,4562650.44260533,9941275.34375,0.624,0.143,0,0.766,0.766,0.712,0.25,0.25,0.0854,0.637,NA,0.962,0.962,0.527,0.102,NA,NA,NA,0.00827,0.417,0.473,0.473,NA,NA,NA,NA,0.898,0.898,NA,NA,0.102,0.102,NA,0.00247,"PRY_2020"
"PRY","rural","4","all",7252672,2020,0.0553224740538206,1270727.30149824,1635974.0625,6010553.81387304,12781821.90625,0.613,0.0919,0,0.705,0.705,0.645,0.321,0.321,0.107,0.551,NA,0.967,0.967,0.487,0.0608,NA,NA,NA,0.00668,0.569,0.346,0.346,NA,NA,NA,NA,0.922,0.922,NA,NA,0.0782,0.0782,NA,0.0179,"PRY_2020"
"PRY","rural","5","all",7252672,2020,0.0331612767340345,2731849.80834182,31260834,11457372.4774306,77731088.5,0.662,0.0555,0,0.717,0.717,0.631,0.342,0.342,0.0989,0.531,NA,0.974,0.974,0.483,0.0487,NA,NA,NA,0.00246,0.644,0.323,0.323,NA,NA,NA,NA,0.97,0.97,NA,NA,0.0305,0.0305,NA,0,"PRY_2020"
"PRY","rural","total","all",7252672,2020,0.370683543009127,768068.062244867,31260834,3943172.00575646,77731088.5,0.577,0.165,0,0.741,0.741,0.692,0.26,0.26,0.0659,0.589,NA,0.952,0.952,0.465,0.114,NA,NA,NA,0.00461,0.428,0.428,0.428,NA,NA,NA,NA,0.86,0.86,NA,NA,0.14,0.14,NA,0.00954,"PRY_2020"
"PRY","rural","1","female",7252672,2020,0.0446015461500477,266464.781528156,432016.89375,1798373.49065978,3815065,0.519,0.303,0,0.822,0.822,0.796,0.137,0.137,0.0359,0.649,NA,0.933,0.933,0.423,0.209,NA,NA,NA,0,0.308,0.487,0.487,NA,NA,NA,NA,0.794,0.794,NA,NA,0.206,0.206,NA,0.0255,"PRY_2020"
"PRY","rural","2","female",7252672,2020,0.0321688204961484,553896.453594249,689597.6953125,3304617.22995525,6738833.3125,0.629,0.155,0,0.783,0.783,0.703,0.277,0.277,0.0821,0.534,NA,0.98,0.98,0.453,0.0804,NA,NA,NA,0.000968,0.413,0.418,0.418,NA,NA,NA,NA,0.832,0.832,NA,NA,0.168,0.168,NA,0.00483,"PRY_2020"
"PRY","rural","3","female",7252672,2020,0.0199193577872475,821715.064683396,1020761.99479167,4366331.93525455,7083067.625,0.583,0.153,0,0.736,0.736,0.694,0.246,0.246,0.049,0.641,NA,0.94,0.94,0.53,0.112,NA,NA,NA,0,0.368,0.486,0.486,NA,NA,NA,NA,0.854,0.854,NA,NA,0.146,0.146,NA,0.00282,"PRY_2020"
"PRY","rural","4","female",7252672,2020,0.0162224313645114,1280462.48024856,1617970.24375,6213057.51844794,12781821.90625,0.639,0.111,0,0.75,0.75,0.629,0.364,0.364,0.279,0.543,NA,0.993,0.993,0.485,0.0579,NA,NA,NA,0.0108,0.601,0.344,0.344,NA,NA,NA,NA,0.956,0.956,NA,NA,0.0444,0.0444,NA,0,"PRY_2020"
"PRY","rural","5","female",7252672,2020,0.00638359779360301,2718618.87377873,11166666.6666667,12763574.5671387,33500000,0.774,0.0558,0,0.829,0.829,0.657,0.339,0.339,0.172,0.562,NA,0.996,0.996,0.506,0.0558,NA,NA,NA,0,0.667,0.333,0.333,NA,NA,NA,NA,1,1,NA,NA,0,0,NA,0,"PRY_2020"
"PRY","rural","total","female",7252672,2020,0.127041385736894,654736.167414165,11166666.6666667,3594875.45080747,33500000,0.591,0.195,0,0.787,0.787,0.721,0.238,0.238,0.0927,0.597,NA,0.959,0.959,0.463,0.127,NA,NA,NA,0.00179,0.408,0.439,0.439,NA,NA,NA,NA,0.849,0.849,NA,NA,0.151,0.151,NA,0.0108,"PRY_2020"
"PRY","rural","1","male",7252672,2020,0.0636878315534169,279858.757407753,430872.645833333,1767026.71186371,3766333.359375,0.441,0.213,0,0.654,0.654,0.649,0.25,0.25,0.00699,0.559,NA,0.899,0.899,0.383,0.151,NA,NA,NA,0.00354,0.338,0.41,0.41,NA,NA,NA,NA,0.752,0.752,NA,NA,0.248,0.248,NA,0.013,"PRY_2020"
"PRY","rural","2","male",7252672,2020,0.0575795726976548,546561.55941249,687941.541666667,3019164.04361532,6538349,0.591,0.184,0,0.775,0.775,0.716,0.253,0.253,0.0578,0.622,NA,0.969,0.969,0.482,0.133,NA,NA,NA,0.0059,0.362,0.498,0.498,NA,NA,NA,NA,0.866,0.866,NA,NA,0.134,0.134,NA,0.00304,"PRY_2020"
"PRY","rural","3","male",7252672,2020,0.0484578867268135,842226.611560274,1020000,4643350.17699995,9941275.34375,0.641,0.138,0,0.779,0.779,0.72,0.252,0.252,0.101,0.635,NA,0.972,0.972,0.526,0.0985,NA,NA,NA,0.0118,0.439,0.467,0.467,NA,NA,NA,NA,0.917,0.917,NA,NA,0.0827,0.0827,NA,0.00232,"PRY_2020"
"PRY","rural","4","male",7252672,2020,0.0391000426893092,1266688.2197419,1635974.0625,5926535.94016816,12588323,0.602,0.0843,0,0.686,0.686,0.652,0.304,0.304,0.0387,0.554,NA,0.956,0.956,0.487,0.062,NA,NA,NA,0.00504,0.556,0.347,0.347,NA,NA,NA,NA,0.908,0.908,NA,NA,0.0918,0.0918,NA,0.0251,"PRY_2020"
"PRY","rural","5","male",7252672,2020,0.0267776789404315,2735003.96389325,31260834,11145983.6973795,77731088.5,0.637,0.0554,0,0.692,0.692,0.626,0.343,0.343,0.0826,0.525,NA,0.969,0.969,0.478,0.0472,NA,NA,NA,0.00301,0.639,0.321,0.321,NA,NA,NA,NA,0.963,0.963,NA,NA,0.0372,0.0372,NA,0,"PRY_2020"
"PRY","rural","total","male",7252672,2020,0.243642157272233,827162.272904776,31260834,4124782.92844528,77731088.5,0.569,0.15,0,0.719,0.719,0.678,0.271,0.271,0.0529,0.585,NA,0.949,0.949,0.466,0.108,NA,NA,NA,0.00598,0.437,0.422,0.422,NA,NA,NA,NA,0.865,0.865,NA,NA,0.135,0.135,NA,0.00891,"PRY_2020"
"PRY","urban","1","all",7252672,2020,0.0917106222965354,286063.444822021,432175.328125,1976004.1561341,8085748.375,0.697,0.113,0,0.81,0.81,0.711,0.256,0.256,0.125,0.563,NA,0.967,0.967,0.51,0.0482,NA,NA,NA,0.0309,0.543,0.372,0.372,NA,NA,NA,NA,0.946,0.946,NA,NA,0.0539,0.0539,NA,0.00314,"PRY_2020"
"PRY","urban","2","all",7252672,2020,0.110251606806197,561099.525318698,684000,3690074.61022719,10086474,0.768,0.0693,0,0.837,0.837,0.681,0.285,0.285,0.17,0.658,NA,0.966,0.966,0.597,0.043,NA,NA,NA,0.0718,0.593,0.31,0.31,NA,NA,NA,NA,0.975,0.975,NA,NA,0.0252,0.0252,NA,0.00917,"PRY_2020"
"PRY","urban","3","all",7252672,2020,0.131622755485939,850258.391555143,1026623.41666667,4954900.45024065,11932013.109375,0.857,0.0391,0,0.896,0.896,0.652,0.343,0.343,0.282,0.707,NA,0.995,0.995,0.676,0.0296,NA,NA,NA,0.0889,0.611,0.288,0.288,NA,NA,NA,NA,0.988,0.988,NA,NA,0.0123,0.0123,NA,0,"PRY_2020"
"PRY","urban","4","all",7252672,2020,0.144677525946179,1291210.43126967,1632621.9375,6869043.55701943,18800000,0.855,0.0341,0,0.889,0.889,0.607,0.389,0.389,0.32,0.667,NA,0.996,0.996,0.648,0.0184,NA,NA,NA,0.102,0.66,0.214,0.214,NA,NA,NA,NA,0.975,0.975,NA,NA,0.0247,0.0247,NA,0.00619,"PRY_2020"
"PRY","urban","5","all",7252672,2020,0.166838723265966,2929035.67853235,37700000,12663651.9347081,51662337,0.875,0.0219,0.00105,0.898,0.897,0.45,0.548,0.548,0.494,0.7,NA,0.999,0.999,0.686,0.0144,NA,NA,NA,0.244,0.644,0.108,0.108,NA,NA,NA,NA,0.997,0.997,NA,NA,0.00334,0.00334,NA,0.00334,"PRY_2020"
"PRY","urban","total","all",7252672,2020,0.629316456990873,1236003.2943317,37700000,6260107.79952435,51662337,0.823,0.0494,0.000272,0.873,0.872,0.603,0.384,0.384,0.304,0.667,NA,0.987,0.987,0.635,0.0281,NA,NA,NA,0.121,0.618,0.241,0.241,NA,NA,NA,NA,0.979,0.979,NA,NA,0.021,0.021,NA,0.00424,"PRY_2020"
"PRY","urban","1","female",7252672,2020,0.0425994404042891,284786.437566073,432175.328125,2131670.81592089,8085748.375,0.742,0.158,0,0.9,0.9,0.804,0.161,0.161,0.105,0.578,NA,0.965,0.965,0.512,0.0649,NA,NA,NA,0.0474,0.482,0.385,0.385,NA,NA,NA,NA,0.915,0.915,NA,NA,0.0849,0.0849,NA,0.0059,"PRY_2020"
"PRY","urban","2","female",7252672,2020,0.0550036096365343,553013.864726754,684000,4063134.0090183,10086474,0.804,0.0597,0,0.863,0.863,0.696,0.28,0.28,0.183,0.711,NA,0.976,0.976,0.664,0.0377,NA,NA,NA,0.0879,0.54,0.353,0.353,NA,NA,NA,NA,0.98,0.98,NA,NA,0.0195,0.0195,NA,0.00518,"PRY_2020"
"PRY","urban","3","female",7252672,2020,0.0518796823719421,837598.513974832,1023333.33333333,4738881.29662856,7944372.125,0.841,0.0645,0,0.906,0.906,0.705,0.287,0.287,0.246,0.714,NA,0.992,0.992,0.658,0.0567,NA,NA,NA,0.057,0.502,0.411,0.411,NA,NA,NA,NA,0.969,0.969,NA,NA,0.0307,0.0307,NA,0,"PRY_2020"
"PRY","urban","4","female",7252672,2020,0.0584069078278241,1282144.49284434,1632621.9375,6853837.84900042,12408896.09375,0.861,0.0509,0,0.911,0.911,0.588,0.403,0.403,0.365,0.672,NA,0.991,0.991,0.651,0.0201,NA,NA,NA,0.12,0.651,0.197,0.197,NA,NA,NA,NA,0.969,0.969,NA,NA,0.0315,0.0315,NA,0.0147,"PRY_2020"
"PRY","urban","5","female",7252672,2020,0.0584896053108708,2629661.10916796,16392858,11788406.8379461,35465572,0.887,0.0154,0.00307,0.906,0.903,0.447,0.553,0.553,0.513,0.706,NA,1,1,0.692,0.0142,NA,NA,NA,0.266,0.616,0.11,0.11,NA,NA,NA,NA,0.993,0.993,NA,NA,0.00737,0.00737,NA,0.00737,"PRY_2020"
"PRY","urban","total","female",7252672,2020,0.263526483664402,1080368.36086648,16392858,5790372.45577882,35465572,0.831,0.0657,0.000673,0.898,0.897,0.638,0.348,0.348,0.295,0.679,NA,0.986,0.986,0.64,0.037,NA,NA,NA,0.121,0.564,0.282,0.282,NA,NA,NA,NA,0.967,0.967,NA,NA,0.0328,0.0328,NA,0.00687,"PRY_2020"
"PRY","urban","1","male",7252672,2020,0.0491111818922463,287171.131348788,426993.4375,1840977.62366188,4119230.6875,0.657,0.0732,0,0.73,0.73,0.629,0.339,0.339,0.142,0.549,NA,0.968,0.968,0.509,0.0333,NA,NA,NA,0.0162,0.598,0.36,0.36,NA,NA,NA,NA,0.974,0.974,NA,NA,0.0264,0.0264,NA,0.000694,"PRY_2020"
"PRY","urban","2","male",7252672,2020,0.0552479971696625,569149.419281136,683333.333333333,3318665.42630091,5890000,0.737,0.0777,0,0.815,0.815,0.668,0.289,0.289,0.158,0.613,NA,0.957,0.957,0.539,0.0477,NA,NA,NA,0.0579,0.639,0.273,0.273,NA,NA,NA,NA,0.97,0.97,NA,NA,0.0302,0.0302,NA,0.0126,"PRY_2020"
"PRY","urban","3","male",7252672,2020,0.079743073113997,858494.723591097,1026623.41666667,5095439.36651279,11932013.109375,0.867,0.023,0,0.89,0.89,0.618,0.379,0.379,0.305,0.703,NA,0.997,0.997,0.688,0.0123,NA,NA,NA,0.109,0.68,0.21,0.21,NA,NA,NA,NA,0.999,0.999,NA,NA,0.00063,0.00063,NA,0,"PRY_2020"
"PRY","urban","4","male",7252672,2020,0.0862706181183553,1297348.2501648,1626370.1375,6879338.12087087,18800000,0.851,0.0229,0,0.874,0.874,0.62,0.38,0.38,0.29,0.664,NA,1,1,0.646,0.0172,NA,NA,NA,0.0901,0.665,0.225,0.225,NA,NA,NA,NA,0.98,0.98,NA,NA,0.0201,0.0201,NA,0.000511,"PRY_2020"
"PRY","urban","5","male",7252672,2020,0.108349117955095,3090645.67345166,37700000,13136131.4640856,51662337,0.868,0.0253,0,0.894,0.894,0.452,0.546,0.546,0.484,0.697,NA,0.998,0.998,0.682,0.0145,NA,NA,NA,0.233,0.659,0.107,0.107,NA,NA,NA,NA,0.999,0.999,NA,NA,0.00126,0.00126,NA,0.00126,"PRY_2020"
"PRY","urban","total","male",7252672,2020,0.365789973326472,1348127.54524665,37700000,6598519.76381203,51662337,0.817,0.0384,0,0.855,0.855,0.58,0.409,0.409,0.31,0.659,NA,0.988,0.988,0.631,0.0221,NA,NA,NA,0.121,0.654,0.213,0.213,NA,NA,NA,NA,0.987,0.987,NA,NA,0.013,0.013,NA,0.00246,"PRY_2020"
