"iso","scope","quintile","gender","population","population_perc","year_survey","ave_income_pc","max_income_pc","ave_hh_income","max_hh_income","access_water_piped_house","access_water_piped_plot","water_trucked","water_on_premises","water_distr","consume_distr","access_water_other_max","access_water_other_min","consume_bottled","access_water_daily","water_dist_continuity_jmp","improved_w_access_min","improved_w_access_max","access_water_piped_house_daily","access_water_piped_plot_daily","treat_water","water_meter","access_san_exclusive","access_sewer","access_septic","access_latrine_min","access_latrine_max","access_sewer_exclusive","access_septic_exclusive","access_latrine_exclusive_min","access_latrine_exclusive_max","improved_san_min__hh","improved_san_max","improved_san_min_exclusive","improved_san_max_exclusive","access_latrines_unimproved_min","access_latrines_unimproved_max","access_latrines_unimproved_exclusive_min","no_sanitation_access","name"
"SLV","country","1","all",6305496,0.2,2018,41.2458461746534,63.784676688058,261.977973187552,1395.37335205078,0.107,0.546,0.0177,0.671,0.68,0.68,0.204,0.199,NA,0.000132,NA,0.879,0.884,0,0.000132,NA,NA,0.822,0.105,0.172,0.121,0.678,0.097,0.157,0.0981,0.524,0.398,0.955,0.352,0.777,0.0453,0.602,0.223,0.0983,"SLV_2018"
"SLV","country","2","all",6305496,0.2,2018,82.0408375049553,100,441.568003856582,1329.58999609947,0.226,0.511,0.0178,0.755,0.755,0.755,0.187,0.183,NA,0.0000994,NA,0.938,0.943,0,0.0000994,NA,NA,0.848,0.232,0.199,0.109,0.548,0.213,0.181,0.0879,0.432,0.54,0.979,0.482,0.826,0.0214,0.46,0.174,0.054,"SLV_2018"
"SLV","country","3","all",6305496,0.2,2018,122.579316191492,147.600006103516,649.420742098043,1792.65518188477,0.324,0.473,0.0137,0.81,0.804,0.804,0.164,0.161,NA,0.000262,NA,0.965,0.968,0,0.000262,NA,NA,0.863,0.339,0.214,0.071,0.436,0.322,0.194,0.0562,0.336,0.624,0.989,0.571,0.852,0.0114,0.376,0.148,0.0361,"SLV_2018"
"SLV","country","4","all",6305496,0.2,2018,178.930847622989,223.375,872.144968605723,3012,0.467,0.387,0.0175,0.871,0.859,0.859,0.12,0.118,NA,0.000447,NA,0.977,0.979,0,0.000447,NA,NA,0.901,0.478,0.221,0.0468,0.298,0.454,0.204,0.0382,0.239,0.746,0.996,0.697,0.897,0.00353,0.254,0.103,0.0275,"SLV_2018"
"SLV","country","5","all",6305496,0.2,2018,364.604923691672,8666.66666666667,1454.71204619594,26000,0.68,0.243,0.00636,0.929,0.927,0.927,0.0645,0.0632,NA,0.000117,NA,0.99,0.991,0,0.000117,NA,NA,0.945,0.678,0.183,0.0229,0.137,0.658,0.174,0.0184,0.11,0.884,0.998,0.85,0.942,0.00231,0.116,0.0576,0.0115,"SLV_2018"
"SLV","country","total","all",6305496,1,2018,144.511874399555,8666.66666666667,686.394259351239,26000,0.361,0.432,0.0146,0.807,0.805,0.805,0.148,0.145,NA,0.000212,NA,0.95,0.953,0,0.000212,NA,NA,0.876,0.366,0.198,0.0741,0.419,0.349,0.182,0.0598,0.328,0.638,0.983,0.59,0.859,0.0168,0.362,0.141,0.0455,"SLV_2018"
"SLV","country","1","female",6305496,0.0585555997014851,2018,45.3270012953505,63.7403310139974,333.054919321889,1395.37335205078,0.148,0.542,0.0204,0.711,0.71,0.71,0.196,0.193,NA,0,NA,0.903,0.906,0,0,NA,NA,0.828,0.157,0.166,0.102,0.639,0.147,0.157,0.0786,0.486,0.425,0.963,0.383,0.79,0.0375,0.575,0.21,0.0746,"SLV_2018"
"SLV","country","2","female",6305496,0.0714489015919977,2018,82.4342474295839,100,456.073862589291,1296,0.244,0.512,0.0232,0.779,0.77,0.77,0.181,0.172,NA,0.000276,NA,0.942,0.951,0,0.000276,NA,NA,0.852,0.26,0.225,0.0933,0.494,0.235,0.209,0.079,0.386,0.578,0.978,0.523,0.83,0.0217,0.422,0.17,0.0521,"SLV_2018"
"SLV","country","3","female",6305496,0.069507470691321,2018,121.778529160338,147.555554707845,631.40814240417,1489.66665649414,0.339,0.456,0.0147,0.809,0.799,0.799,0.162,0.159,NA,0.000359,NA,0.959,0.961,0,0.000359,NA,NA,0.865,0.376,0.22,0.0649,0.39,0.363,0.194,0.0478,0.295,0.661,0.986,0.604,0.851,0.0135,0.339,0.149,0.0404,"SLV_2018"
"SLV","country","4","female",6305496,0.0659440505911513,2018,177.46434383354,223.333333333333,850.066293611609,1998.74998474121,0.5,0.367,0.0172,0.884,0.869,0.869,0.112,0.111,NA,0,NA,0.981,0.981,0,0,NA,NA,0.918,0.504,0.205,0.0464,0.29,0.489,0.19,0.0372,0.237,0.755,0.998,0.716,0.916,0.00153,0.245,0.084,0.0198,"SLV_2018"
"SLV","country","5","female",6305496,0.0671334314732639,2018,347.370045902111,2525,1290.62785010567,6332.49984741211,0.718,0.219,0.00459,0.942,0.94,0.94,0.053,0.0527,NA,0.000183,NA,0.993,0.993,0,0.000183,NA,NA,0.956,0.722,0.144,0.0177,0.133,0.707,0.136,0.015,0.111,0.884,0.999,0.859,0.954,0.00119,0.116,0.0456,0.00701,"SLV_2018"
"SLV","country","total","female",6305496,0.33148446836884,2018,144.190550376143,2525,678.268736286032,6332.49984741211,0.399,0.415,0.0158,0.829,0.822,0.822,0.139,0.136,NA,0.000172,NA,0.957,0.96,0,0.000172,NA,NA,0.885,0.413,0.193,0.0635,0.38,0.397,0.178,0.0506,0.296,0.669,0.986,0.626,0.871,0.0143,0.331,0.129,0.0375,"SLV_2018"
"SLV","country","1","male",6305496,0.141444400298515,2018,39.5563166841761,63.784676688058,232.553314473155,817,0.0902,0.547,0.0165,0.654,0.667,0.667,0.207,0.201,NA,0.000187,NA,0.869,0.874,0,0.000187,NA,NA,0.82,0.0839,0.174,0.129,0.694,0.0763,0.156,0.106,0.539,0.387,0.952,0.339,0.772,0.0485,0.613,0.228,0.108,"SLV_2018"
"SLV","country","2","male",6305496,0.128551098408002,2018,81.8221796534223,100,433.505624880937,1329.58999609947,0.216,0.51,0.0148,0.741,0.747,0.747,0.191,0.189,NA,0,NA,0.936,0.938,0,0,NA,NA,0.845,0.216,0.185,0.118,0.578,0.2,0.166,0.0928,0.458,0.519,0.979,0.459,0.824,0.0212,0.481,0.176,0.0551,"SLV_2018"
"SLV","country","3","male",6305496,0.130492529308679,2018,123.005859238767,147.600006103516,659.015239590959,1792.65518188477,0.316,0.482,0.013,0.811,0.807,0.807,0.165,0.161,NA,0.000207,NA,0.969,0.972,0,0.000207,NA,NA,0.862,0.318,0.211,0.0744,0.461,0.299,0.193,0.061,0.36,0.603,0.99,0.553,0.852,0.0102,0.397,0.148,0.0337,"SLV_2018"
"SLV","country","4","male",6305496,0.134055949408849,2018,179.652241940138,223.375,883.005786549409,3012,0.45,0.397,0.0177,0.865,0.853,0.853,0.125,0.122,NA,0.000684,NA,0.975,0.978,0,0.000684,NA,NA,0.892,0.464,0.229,0.047,0.302,0.435,0.212,0.0387,0.24,0.741,0.995,0.686,0.887,0.0046,0.259,0.113,0.0316,"SLV_2018"
"SLV","country","5","male",6305496,0.132866568526736,2018,373.313182660539,8666.66666666667,1537.61879434346,26000,0.659,0.256,0.00736,0.922,0.919,0.919,0.071,0.0691,NA,0.0000802,NA,0.988,0.99,0,0.0000802,NA,NA,0.938,0.653,0.205,0.0258,0.139,0.63,0.195,0.0203,0.11,0.883,0.997,0.846,0.936,0.00295,0.117,0.0645,0.0141,"SLV_2018"
"SLV","country","total","male",6305496,0.66851553163116,2018,144.671203417408,8666.66666666667,690.423312628307,26000,0.341,0.441,0.014,0.796,0.796,0.796,0.153,0.15,NA,0.000233,NA,0.946,0.949,0,0.000233,NA,NA,0.871,0.342,0.2,0.0797,0.44,0.323,0.184,0.0646,0.345,0.622,0.982,0.572,0.853,0.0181,0.378,0.147,0.0497,"SLV_2018"
"SLV","rural","1","all",6305496,0.135494454814786,2018,38.807778953661,63.766666662693,228.689294998311,817,0.0341,0.562,0.0203,0.617,0.635,0.635,0.221,0.219,NA,0.000193,NA,0.854,0.856,0,0.000193,NA,NA,0.815,0.00651,0.156,0.155,0.776,0.00521,0.144,0.127,0.603,0.317,0.938,0.276,0.752,0.0624,0.683,0.248,0.122,"SLV_2018"
"SLV","rural","2","all",6305496,0.0984614762130961,2018,80.855047616238,100,441.48205563606,1329.58999609947,0.0552,0.579,0.0173,0.651,0.671,0.671,0.234,0.226,NA,0.000203,NA,0.897,0.905,0,0.000203,NA,NA,0.825,0.00915,0.193,0.185,0.756,0.00805,0.179,0.154,0.596,0.388,0.959,0.341,0.783,0.0414,0.612,0.217,0.0886,"SLV_2018"
"SLV","rural","3","all",6305496,0.0723484283103104,2018,120.865699576587,147.567001342773,670.648191663575,1792.65518188477,0.0628,0.582,0.0242,0.669,0.666,0.666,0.259,0.253,NA,0.00074,NA,0.919,0.925,0,0.00074,NA,NA,0.809,0.0152,0.211,0.143,0.747,0.014,0.197,0.115,0.572,0.369,0.973,0.326,0.783,0.0266,0.631,0.217,0.0682,"SLV_2018"
"SLV","rural","4","all",6305496,0.0494784952747787,2018,176.040205179325,223.333333333333,881.029878537038,3012,0.103,0.576,0.0365,0.715,0.696,0.696,0.241,0.237,NA,0.00176,NA,0.933,0.937,0,0.00176,NA,NA,0.843,0.0265,0.302,0.128,0.658,0.0245,0.283,0.106,0.523,0.457,0.987,0.414,0.831,0.013,0.543,0.169,0.0601,"SLV_2018"
"SLV","rural","5","all",6305496,0.0254686252290226,2018,324.483649441422,2063.75,1300.72843226014,7100,0.205,0.548,0.0185,0.772,0.772,0.772,0.181,0.174,NA,0.000494,NA,0.946,0.953,0,0.000494,NA,NA,0.856,0.0426,0.455,0.11,0.488,0.0394,0.426,0.0797,0.376,0.607,0.985,0.545,0.841,0.0146,0.393,0.159,0.0485,"SLV_2018"
"SLV","rural","total","all",6305496,0.403831176573383,2018,95.0948564062903,2063.75,494.692662059508,7100,0.0658,0.571,0.0223,0.659,0.667,0.667,0.231,0.226,NA,0.000525,NA,0.894,0.899,0,0.000525,NA,NA,0.823,0.014,0.216,0.154,0.73,0.0125,0.201,0.126,0.569,0.384,0.959,0.339,0.782,0.0405,0.616,0.218,0.09,"SLV_2018"
"SLV","rural","1","female",6305496,0.0323540533874775,2018,41.4201378601678,63.7403310139974,238.324231673974,629.333343505859,0.0296,0.577,0.0277,0.635,0.64,0.64,0.234,0.228,NA,0,NA,0.869,0.874,0,0,NA,NA,0.817,0.00548,0.149,0.145,0.783,0.00531,0.139,0.117,0.61,0.3,0.937,0.262,0.754,0.0626,0.7,0.246,0.104,"SLV_2018"
"SLV","rural","2","female",6305496,0.030720530077856,2018,80.9829422260031,100,442.05701334368,1296,0.0547,0.599,0.0235,0.677,0.685,0.685,0.224,0.207,NA,0.000632,NA,0.892,0.909,0,0.000632,NA,NA,0.839,0.0104,0.2,0.175,0.744,0.0101,0.189,0.157,0.594,0.385,0.954,0.356,0.793,0.0461,0.615,0.207,0.0888,"SLV_2018"
"SLV","rural","3","female",6305496,0.0203994889916472,2018,120.209503925327,147.333333333333,612.30318624091,1465.00001001358,0.0549,0.595,0.0225,0.672,0.665,0.665,0.225,0.219,NA,0.0012,NA,0.885,0.891,0,0.0012,NA,NA,0.813,0.019,0.209,0.15,0.736,0.0166,0.193,0.121,0.567,0.378,0.964,0.331,0.777,0.0359,0.622,0.223,0.0802,"SLV_2018"
"SLV","rural","4","female",6305496,0.0150034445941434,2018,175.098855847778,223.333333333333,823.481338900104,1998.74998474121,0.117,0.586,0.0365,0.739,0.711,0.711,0.236,0.233,NA,0,NA,0.945,0.947,0,0,NA,NA,0.869,0.0262,0.321,0.138,0.646,0.0235,0.303,0.12,0.535,0.486,0.994,0.446,0.862,0.00642,0.514,0.138,0.044,"SLV_2018"
"SLV","rural","5","female",6305496,0.00725988371477288,2018,312.534095098002,1320,1164.71332216988,3174,0.181,0.593,0.0249,0.799,0.797,0.797,0.16,0.16,NA,0.00158,NA,0.957,0.957,0,0.00158,NA,NA,0.862,0.0459,0.387,0.0958,0.558,0.0415,0.359,0.0801,0.452,0.528,0.99,0.48,0.852,0.00973,0.472,0.148,0.0431,"SLV_2018"
"SLV","rural","total","female",6305496,0.111181570921231,2018,99.0746278631422,1320,491.433042785587,3174,0.0657,0.589,0.0266,0.681,0.68,0.68,0.224,0.216,NA,0.000527,NA,0.896,0.904,0,0.000527,NA,NA,0.833,0.0156,0.218,0.15,0.726,0.0142,0.204,0.127,0.574,0.384,0.959,0.345,0.793,0.0406,0.616,0.207,0.0816,"SLV_2018"
"SLV","rural","1","male",6305496,0.103140401427309,2018,37.9883095860927,63.766666662693,225.666917236779,817,0.0355,0.557,0.0179,0.611,0.633,0.633,0.217,0.216,NA,0.000257,NA,0.849,0.85,0,0.000257,NA,NA,0.814,0.00685,0.158,0.158,0.773,0.00518,0.145,0.13,0.601,0.322,0.938,0.281,0.752,0.0623,0.678,0.248,0.128,"SLV_2018"
"SLV","rural","2","male",6305496,0.0677409461352401,2018,80.7970473899311,100,441.221312222244,1329.58999609947,0.0555,0.569,0.0145,0.639,0.664,0.664,0.239,0.235,NA,0,NA,0.9,0.903,0,0,NA,NA,0.818,0.00855,0.19,0.19,0.762,0.0071,0.175,0.153,0.597,0.389,0.961,0.335,0.779,0.0392,0.611,0.221,0.0885,"SLV_2018"
"SLV","rural","3","male",6305496,0.0519489393186632,2018,121.123376752287,147.567001342773,693.55930999337,1792.65518188477,0.0663,0.577,0.025,0.668,0.666,0.666,0.274,0.268,NA,0.000539,NA,0.934,0.94,0,0.000539,NA,NA,0.807,0.0136,0.212,0.14,0.752,0.0129,0.198,0.113,0.574,0.366,0.977,0.323,0.785,0.0225,0.634,0.215,0.0629,"SLV_2018"
"SLV","rural","4","male",6305496,0.0344750506806353,2018,176.44987774719,223.333333333333,906.074840295472,3012,0.0965,0.571,0.0365,0.704,0.688,0.688,0.244,0.239,NA,0.00261,NA,0.928,0.932,0,0.00261,NA,NA,0.831,0.0266,0.293,0.123,0.664,0.025,0.273,0.0999,0.517,0.443,0.984,0.398,0.815,0.0161,0.557,0.185,0.0678,"SLV_2018"
"SLV","rural","5","male",6305496,0.0182087415142497,2018,329.247975131295,2063.75,1354.95809343329,7100,0.216,0.528,0.0156,0.759,0.76,0.76,0.191,0.18,NA,0,NA,0.941,0.951,0,0,NA,NA,0.853,0.0411,0.486,0.116,0.456,0.0384,0.457,0.0796,0.341,0.643,0.983,0.575,0.836,0.0169,0.357,0.164,0.0509,"SLV_2018"
"SLV","rural","total","male",6305496,0.292649605652152,2018,93.5828870274345,2063.75,495.931035815973,7100,0.0659,0.564,0.0205,0.65,0.662,0.662,0.234,0.23,NA,0.000525,NA,0.893,0.897,0,0.000525,NA,NA,0.819,0.0133,0.215,0.155,0.731,0.0118,0.199,0.125,0.567,0.384,0.959,0.336,0.778,0.0405,0.616,0.222,0.0935,"SLV_2018"
"SLV","urban","1","all",6305496,0.0645055451852138,2018,46.3670274306469,63.784676688058,331.901129248093,1395.37335205078,0.266,0.51,0.0119,0.788,0.777,0.777,0.167,0.156,NA,0,NA,0.933,0.944,0,0,NA,NA,0.839,0.32,0.207,0.0476,0.465,0.296,0.185,0.0349,0.35,0.574,0.992,0.516,0.831,0.00807,0.426,0.169,0.0478,"SLV_2018"
"SLV","urban","2","all",6305496,0.101538523786904,2018,83.1906929348678,100,441.651347481788,1208.46403503418,0.391,0.445,0.0183,0.854,0.837,0.837,0.143,0.141,NA,0,NA,0.978,0.979,0,0,NA,NA,0.869,0.446,0.205,0.0354,0.347,0.41,0.184,0.0239,0.274,0.686,0.998,0.617,0.867,0.00203,0.314,0.133,0.0208,"SLV_2018"
"SLV","urban","3","all",6305496,0.12765157168969,2018,123.550533914657,147.600006103516,637.389769092588,1489.66665649414,0.467,0.413,0.00788,0.888,0.88,0.88,0.111,0.11,NA,0,NA,0.99,0.991,0,0,NA,NA,0.893,0.516,0.216,0.0314,0.265,0.49,0.192,0.024,0.207,0.764,0.997,0.706,0.89,0.00305,0.236,0.11,0.0186,"SLV_2018"
"SLV","urban","4","all",6305496,0.150521504725221,2018,179.881041675001,223.375,869.224376130542,2223.90808105469,0.591,0.322,0.0111,0.924,0.914,0.914,0.0794,0.078,NA,0,NA,0.992,0.993,0,0,NA,NA,0.92,0.631,0.193,0.0192,0.175,0.6,0.178,0.0151,0.142,0.844,1,0.793,0.92,0.000337,0.156,0.0801,0.0165,"SLV_2018"
"SLV","urban","5","all",6305496,0.174531374770977,2018,370.459651524598,8666.66666666667,1477.18222360609,26000,0.754,0.195,0.00448,0.954,0.951,0.951,0.0464,0.046,NA,0.0000591,NA,0.997,0.997,0,0.0000591,NA,NA,0.958,0.776,0.141,0.00941,0.0827,0.754,0.135,0.00889,0.0693,0.926,1,0.898,0.958,0.000405,0.0737,0.0419,0.00583,"SLV_2018"
"SLV","urban","total","all",6305496,0.596168823426617,2018,177.985836362654,8666.66666666667,816.248553207727,26000,0.544,0.345,0.00983,0.899,0.89,0.89,0.0962,0.0941,NA,0.0000166,NA,0.985,0.987,0,0.0000166,NA,NA,0.909,0.585,0.187,0.0246,0.226,0.558,0.17,0.0187,0.178,0.797,0.998,0.747,0.907,0.002,0.203,0.0935,0.0178,"SLV_2018"
"SLV","urban","1","female",6305496,0.0262015463140076,2018,50.151253522476,63.6800003051758,450.029760763005,1395.37335205078,0.312,0.494,0.0104,0.816,0.806,0.806,0.144,0.144,NA,0,NA,0.949,0.95,0,0,NA,NA,0.843,0.367,0.189,0.0413,0.441,0.343,0.182,0.0253,0.315,0.597,0.997,0.55,0.84,0.00283,0.403,0.16,0.0343,"SLV_2018"
"SLV","urban","2","female",6305496,0.0407283715141417,2018,83.528935567146,100,466.646468928268,1208.46403503418,0.391,0.444,0.023,0.858,0.836,0.836,0.147,0.145,NA,0,NA,0.981,0.983,0,0,NA,NA,0.861,0.454,0.244,0.0299,0.3,0.409,0.226,0.0184,0.224,0.727,0.997,0.653,0.859,0.00268,0.273,0.141,0.0236,"SLV_2018"
"SLV","urban","3","female",6305496,0.0491079816996738,2018,122.430303309905,147.555554707845,639.344354185826,1489.66665649414,0.46,0.396,0.0114,0.868,0.857,0.857,0.135,0.134,NA,0,NA,0.99,0.992,0,0,NA,NA,0.887,0.529,0.225,0.0284,0.242,0.511,0.194,0.0164,0.178,0.783,0.996,0.722,0.883,0.00395,0.217,0.117,0.0233,"SLV_2018"
"SLV","urban","4","female",6305496,0.0509406059970079,2018,178.16104673367,223.333333333333,857.896312262649,1853.98002624512,0.62,0.298,0.0112,0.929,0.919,0.919,0.0734,0.0733,NA,0,NA,0.992,0.992,0,0,NA,NA,0.933,0.653,0.169,0.0177,0.178,0.635,0.155,0.0115,0.144,0.839,1,0.801,0.933,0,0.161,0.0671,0.0123,"SLV_2018"
"SLV","urban","5","female",6305496,0.0598735477584911,2018,351.594030639938,2525,1305.8954409707,6332.49984741211,0.788,0.17,0.00192,0.961,0.959,0.959,0.039,0.0386,NA,0,NA,0.997,0.998,0,0,NA,NA,0.968,0.81,0.113,0.0075,0.0769,0.795,0.107,0.00648,0.066,0.93,1,0.908,0.968,0.0000636,0.0695,0.0322,0.00228,"SLV_2018"
"SLV","urban","total","female",6305496,0.22030289744761,2018,166.959470788318,2525,772.560214737772,6332.49984741211,0.559,0.33,0.0107,0.9,0.89,0.89,0.0977,0.0968,NA,0,NA,0.987,0.988,0,0,NA,NA,0.911,0.604,0.181,0.0218,0.213,0.582,0.165,0.0138,0.162,0.807,0.998,0.761,0.909,0.00164,0.193,0.0911,0.0162,"SLV_2018"
"SLV","urban","1","male",6305496,0.0383039988712062,2018,43.7784576173193,63.784676688058,251.09617674025,619.858993530273,0.237,0.52,0.0129,0.77,0.759,0.759,0.181,0.164,NA,0,NA,0.923,0.94,0,0,NA,NA,0.837,0.29,0.218,0.0517,0.481,0.267,0.187,0.041,0.373,0.56,0.989,0.494,0.826,0.0114,0.44,0.174,0.0564,"SLV_2018"
"SLV","urban","2","male",6305496,0.0608101522727622,2018,82.9641506376613,100,424.91054756162,1080,0.391,0.446,0.0152,0.851,0.837,0.837,0.14,0.139,NA,0,NA,0.976,0.977,0,0,NA,NA,0.875,0.441,0.179,0.0391,0.378,0.41,0.156,0.0275,0.307,0.659,0.998,0.593,0.873,0.0016,0.341,0.127,0.019,"SLV_2018"
"SLV","urban","3","male",6305496,0.0785435899900158,2018,124.250938162089,147.600006103516,636.167699551313,1473.78002929688,0.472,0.423,0.00561,0.9,0.895,0.895,0.0961,0.095,NA,0,NA,0.99,0.991,0,0,NA,NA,0.896,0.508,0.21,0.0333,0.279,0.477,0.19,0.0288,0.226,0.751,0.998,0.696,0.894,0.00248,0.249,0.106,0.0155,"SLV_2018"
"SLV","urban","4","male",6305496,0.0995808987282134,2018,180.760905039785,223.375,875.019246889624,2223.90808105469,0.575,0.336,0.011,0.921,0.911,0.911,0.0828,0.0806,NA,0,NA,0.992,0.994,0,0,NA,NA,0.913,0.619,0.207,0.0201,0.174,0.581,0.191,0.017,0.142,0.846,0.999,0.788,0.913,0.00052,0.154,0.0872,0.0187,"SLV_2018"
"SLV","urban","5","male",6305496,0.114657827012486,2018,380.311152137009,8666.66666666667,1566.6270319348,26000,0.734,0.21,0.00598,0.95,0.946,0.946,0.0508,0.0503,NA,0.0000937,NA,0.996,0.997,0,0.0000937,NA,NA,0.953,0.756,0.158,0.0105,0.086,0.73,0.151,0.0103,0.0712,0.924,0.999,0.891,0.952,0.000605,0.0761,0.0477,0.00791,"SLV_2018"
"SLV","urban","total","male",6305496,0.375865925979008,2018,184.448620340785,8666.66666666667,841.855204102016,26000,0.536,0.354,0.00933,0.899,0.891,0.891,0.0953,0.0925,NA,0.0000266,NA,0.983,0.986,0,0.0000266,NA,NA,0.907,0.574,0.19,0.0263,0.234,0.543,0.173,0.0216,0.188,0.79,0.998,0.738,0.905,0.00221,0.21,0.0949,0.0188,"SLV_2018"
