"iso","scope","quintile","gender","population","population_perc","year_survey","ave_income_pc","max_income_pc","ave_hh_income","max_hh_income","access_water_piped_house","access_water_piped_plot","water_trucked","water_on_premises","water_distr","consume_distr","access_water_other_max","access_water_other_min","consume_bottled","access_water_daily","water_dist_continuity_jmp","improved_w_access_min","improved_w_access_max","access_water_piped_house_daily","access_water_piped_plot_daily","treat_water","water_meter","access_san_exclusive","access_sewer","access_septic","access_latrine_min","access_latrine_max","access_sewer_exclusive","access_septic_exclusive","access_latrine_exclusive_min","access_latrine_exclusive_max","improved_san_min__hh","improved_san_max","improved_san_min_exclusive","improved_san_max_exclusive","access_latrines_unimproved_min","access_latrines_unimproved_max","access_latrines_unimproved_exclusive_min","no_sanitation_access","name"
"URY","country","1","all",3505985,0.2,2018,4956.65676760681,7900,26769.7553552058,86300,0.923,0.0188,NA,0.942,0.942,0.942,0.052,0.0501,NA,NA,NA,0.992,0.994,NA,NA,NA,NA,0.963,0.445,0.527,NA,NA,0.436,0.511,NA,NA,0.973,0.973,0.946,0.946,0.0274,0.0274,0.0536,0.124,"URY_2018"
"URY","country","2","all",3505985,0.2,2018,10173.1728423353,12500,45164.9116737977,145344,0.919,0.00624,NA,0.925,0.925,0.925,0.07,0.0683,NA,NA,NA,0.994,0.995,NA,NA,NA,NA,0.982,0.53,0.461,NA,NA,0.52,0.456,NA,NA,0.991,0.991,0.976,0.976,0.00936,0.00936,0.024,0.0373,"URY_2018"
"URY","country","3","all",3505985,0.2,2018,15167.0554114923,18333.3333333333,59556.0682607091,168400,0.931,0.00218,NA,0.933,0.933,0.933,0.0633,0.0627,NA,NA,NA,0.996,0.996,NA,NA,NA,NA,0.987,0.592,0.403,NA,NA,0.585,0.399,NA,NA,0.995,0.995,0.984,0.984,0.00506,0.00506,0.0164,0.0184,"URY_2018"
"URY","country","4","all",3505985,0.2,2018,22838.8973956473,28850,80691.859152296,214833.328125,0.949,0.000505,NA,0.949,0.949,0.949,0.0483,0.0479,NA,NA,NA,0.997,0.998,NA,NA,NA,NA,0.991,0.685,0.312,NA,NA,0.679,0.309,NA,NA,0.997,0.997,0.988,0.988,0.00305,0.00305,0.0121,0.00528,"URY_2018"
"URY","country","5","all",3505985,0.2,2018,47896.2021246535,1816916,147507.8034119,3626400,0.977,2.42e-05,NA,0.977,0.977,0.977,0.0211,0.0206,NA,NA,NA,0.998,0.999,NA,NA,NA,NA,0.995,0.809,0.19,NA,NA,0.805,0.189,NA,NA,0.999,0.999,0.994,0.994,0.00132,0.00132,0.00615,0.00202,"URY_2018"
"URY","country","total","all",3505985,1,2018,17541.6042252824,1816916,64361.0363922022,3626400,0.94,0.00555,NA,0.945,0.945,0.945,0.051,0.0499,NA,NA,NA,0.995,0.996,NA,NA,NA,NA,0.984,0.612,0.379,NA,NA,0.605,0.373,NA,NA,0.991,0.991,0.978,0.978,0.00925,0.00925,0.0225,0.0374,"URY_2018"
"URY","country","1","female",3505985,0.0973020779786945,2018,4702.45974349054,7900,25484.8931527259,81850,0.948,0.0244,NA,0.972,0.972,0.972,0.0248,0.0232,NA,NA,NA,0.996,0.997,NA,NA,NA,NA,0.961,0.487,0.48,NA,NA,0.478,0.463,NA,NA,0.967,0.967,0.94,0.94,0.0329,0.0329,0.0595,0.145,"URY_2018"
"URY","country","2","female",3505985,0.078416739086049,2018,10178.8481798042,12500,44245.1573697912,145344,0.958,0.00626,NA,0.964,0.964,0.964,0.0324,0.0308,NA,NA,NA,0.995,0.997,NA,NA,NA,NA,0.981,0.588,0.401,NA,NA,0.576,0.397,NA,NA,0.988,0.988,0.973,0.973,0.0115,0.0115,0.027,0.0458,"URY_2018"
"URY","country","3","female",3505985,0.0764028502991612,2018,15213.3681162082,18333.3333333333,58549.7943386306,168400,0.966,0.00226,NA,0.968,0.968,0.968,0.0293,0.0285,NA,NA,NA,0.997,0.998,NA,NA,NA,NA,0.986,0.643,0.353,NA,NA,0.635,0.349,NA,NA,0.996,0.996,0.984,0.984,0.00379,0.00379,0.0163,0.0203,"URY_2018"
"URY","country","4","female",3505985,0.0777404012173729,2018,22901.218426479,28850,78892.8955970627,181480,0.975,0.000123,NA,0.975,0.975,0.975,0.0225,0.022,NA,NA,NA,0.997,0.998,NA,NA,NA,NA,0.989,0.719,0.279,NA,NA,0.71,0.277,NA,NA,0.997,0.997,0.987,0.987,0.00253,0.00253,0.0132,0.00454,"URY_2018"
"URY","country","5","female",3505985,0.0777605498450544,2018,46703.5147332697,927000,136118.926552033,2160000,0.988,5.85e-05,NA,0.988,0.988,0.988,0.0117,0.0115,NA,NA,NA,0.999,1,NA,NA,NA,NA,0.995,0.83,0.169,NA,NA,0.826,0.168,NA,NA,0.999,0.999,0.994,0.994,0.00148,0.00148,0.00607,0.00141,"URY_2018"
"URY","country","total","female",3505985,0.414809787094104,2018,16499.4496791164,927000,59266.2707041585,2160000,0.966,0.00729,NA,0.974,0.974,0.974,0.0241,0.0231,NA,NA,NA,0.997,0.998,NA,NA,NA,NA,0.982,0.648,0.341,NA,NA,0.639,0.335,NA,NA,0.989,0.989,0.974,0.974,0.0113,0.0113,0.0257,0.0472,"URY_2018"
"URY","country","1","male",3505985,0.102697922021306,2018,5197.49804438923,7900,27987.109706267,86300,0.9,0.0134,NA,0.914,0.914,0.914,0.0778,0.0756,NA,NA,NA,0.989,0.991,NA,NA,NA,NA,0.965,0.406,0.572,NA,NA,0.396,0.556,NA,NA,0.978,0.978,0.952,0.952,0.0223,0.0223,0.048,0.104,"URY_2018"
"URY","country","2","male",3505985,0.121583260913951,2018,10169.5124580507,12500,45758.1194290297,126800,0.892,0.00622,NA,0.898,0.898,0.898,0.096,0.0943,NA,NA,NA,0.993,0.994,NA,NA,NA,NA,0.983,0.49,0.502,NA,NA,0.481,0.498,NA,NA,0.992,0.992,0.978,0.978,0.00787,0.00787,0.0218,0.0314,"URY_2018"
"URY","country","3","male",3505985,0.123597149700839,2018,15138.4267363656,18333.3333333333,60178.1068434321,146386,0.907,0.00212,NA,0.909,0.909,0.909,0.0861,0.0855,NA,NA,NA,0.995,0.995,NA,NA,NA,NA,0.987,0.558,0.436,NA,NA,0.551,0.432,NA,NA,0.994,0.994,0.983,0.983,0.00592,0.00592,0.0165,0.0171,"URY_2018"
"URY","country","4","male",3505985,0.122259598782627,2018,22799.2697345934,28848,81835.754191637,214833.328125,0.931,0.000765,NA,0.931,0.931,0.931,0.066,0.0656,NA,NA,NA,0.997,0.997,NA,NA,NA,NA,0.992,0.663,0.334,NA,NA,0.657,0.332,NA,NA,0.997,0.997,0.989,0.989,0.0034,0.0034,0.0113,0.00579,"URY_2018"
"URY","country","5","male",3505985,0.122239450154946,2018,48654.9099495801,1816916,154752.64397375,3626400,0.97,0,NA,0.97,0.97,0.97,0.0277,0.0271,NA,NA,NA,0.997,0.998,NA,NA,NA,NA,0.995,0.794,0.205,NA,NA,0.79,0.204,NA,NA,0.999,0.999,0.994,0.994,0.0012,0.0012,0.00621,0.00244,"URY_2018"
"URY","country","total","male",3505985,0.585190212905896,2018,18280.3313876313,1816916,67972.4410666881,3626400,0.92,0.00427,NA,0.925,0.925,0.925,0.0707,0.0696,NA,NA,NA,0.994,0.995,NA,NA,NA,NA,0.985,0.586,0.406,NA,NA,0.579,0.401,NA,NA,0.992,0.992,0.98,0.98,0.00776,0.00776,0.0201,0.0301,"URY_2018"
"URY","rural","1","all",3505985,0.0411521842263851,2018,5123.00411636508,7900,27205.600986388,58200,0.751,0.0184,NA,0.769,0.769,0.769,0.217,0.213,NA,NA,NA,0.983,0.987,NA,NA,NA,NA,0.977,0.215,0.768,NA,NA,0.214,0.755,NA,NA,0.984,0.984,0.969,0.969,0.0165,0.0165,0.0315,0.15,"URY_2018"
"URY","rural","2","all",3505985,0.0435458298597828,2018,10144.4061713524,12500,44594.0980829702,94300,0.688,0.00979,NA,0.697,0.697,0.697,0.289,0.285,NA,NA,NA,0.983,0.986,NA,NA,NA,NA,0.989,0.2,0.792,NA,NA,0.194,0.789,NA,NA,0.991,0.991,0.983,0.983,0.00871,0.00871,0.0166,0.0664,"URY_2018"
"URY","rural","3","all",3505985,0.0364001109117817,2018,15122.1008797641,18333.3333333333,58396.5019800406,146386,0.661,0.00344,NA,0.664,0.664,0.664,0.32,0.318,NA,NA,NA,0.982,0.984,NA,NA,NA,NA,0.99,0.152,0.837,NA,NA,0.15,0.832,NA,NA,0.989,0.989,0.981,0.981,0.011,0.011,0.0187,0.0337,"URY_2018"
"URY","rural","4","all",3505985,0.0269419721993287,2018,22675.7648540567,28835.8330078125,77189.8701658488,169575,0.665,0.000981,NA,0.666,0.666,0.666,0.323,0.321,NA,NA,NA,0.988,0.989,NA,NA,NA,NA,0.992,0.186,0.806,NA,NA,0.183,0.8,NA,NA,0.991,0.991,0.984,0.984,0.00882,0.00882,0.0162,0.0194,"URY_2018"
"URY","rural","5","all",3505985,0.0125004233485174,2018,43757.2447047992,291556,129434.911905801,874668,0.698,0.000362,NA,0.699,0.699,0.699,0.283,0.28,NA,NA,NA,0.979,0.982,NA,NA,NA,NA,0.993,0.16,0.825,NA,NA,0.16,0.818,NA,NA,0.985,0.985,0.978,0.978,0.0147,0.0147,0.0219,0.0115,"URY_2018"
"URY","rural","total","all",3505985,0.170093390749869,2018,13065.1412314404,291556,50796.8905428179,874668,0.695,0.00827,NA,0.703,0.703,0.703,0.283,0.28,NA,NA,NA,0.983,0.986,NA,NA,NA,NA,0.987,0.187,0.801,NA,NA,0.185,0.794,NA,NA,0.988,0.988,0.979,0.979,0.0117,0.0117,0.0212,0.0677,"URY_2018"
"URY","rural","1","female",3505985,0.0170439829304314,2018,4745.34882458854,7900,26077.3766605732,58200,0.849,0.0212,NA,0.87,0.87,0.87,0.123,0.116,NA,NA,NA,0.987,0.993,NA,NA,NA,NA,0.972,0.253,0.73,NA,NA,0.249,0.713,NA,NA,0.983,0.983,0.962,0.962,0.0168,0.0168,0.0376,0.174,"URY_2018"
"URY","rural","2","female",3505985,0.0133453626902713,2018,10167.3044857076,12500,46929.8023639927,94300,0.811,0.0172,NA,0.828,0.828,0.828,0.165,0.165,NA,NA,NA,0.993,0.994,NA,NA,NA,NA,0.989,0.229,0.767,NA,NA,0.22,0.765,NA,NA,0.996,0.996,0.985,0.985,0.00437,0.00437,0.0149,0.0914,"URY_2018"
"URY","rural","3","female",3505985,0.00940737362905354,2018,15341.0055988532,18300,57303.5772938237,123000,0.776,0.00809,NA,0.784,0.784,0.784,0.198,0.195,NA,NA,NA,0.978,0.981,NA,NA,NA,NA,0.99,0.187,0.805,NA,NA,0.186,0.799,NA,NA,0.992,0.992,0.985,0.985,0.00765,0.00765,0.0148,0.048,"URY_2018"
"URY","rural","4","female",3505985,0.00745829669090055,2018,23022.4763801887,28835.8330078125,77076.0005158779,147880,0.787,0.000634,NA,0.788,0.788,0.788,0.206,0.2,NA,NA,NA,0.988,0.993,NA,NA,NA,NA,0.99,0.202,0.791,NA,NA,0.198,0.785,NA,NA,0.993,0.993,0.983,0.983,0.00701,0.00701,0.017,0.0217,"URY_2018"
"URY","rural","5","female",3505985,0.00339525510981661,2018,43117.3358057693,253916.671875,110027.945859378,410566.6875,0.781,0.00121,NA,0.782,0.782,0.782,0.211,0.206,NA,NA,NA,0.988,0.993,NA,NA,NA,NA,0.995,0.177,0.797,NA,NA,0.177,0.792,NA,NA,0.974,0.974,0.968,0.968,0.0262,0.0262,0.0315,0.00121,"URY_2018"
"URY","rural","total","female",3505985,0.0554871231801803,2018,11733.8996802459,253916.671875,46266.4893242707,410566.6875,0.81,0.0129,NA,0.823,0.823,0.823,0.168,0.164,NA,NA,NA,0.987,0.991,NA,NA,NA,NA,0.984,0.22,0.769,NA,NA,0.216,0.76,NA,NA,0.989,0.989,0.976,0.976,0.0111,0.0111,0.0237,0.0916,"URY_2018"
"URY","rural","1","male",3505985,0.0241082012959537,2018,5389.9983341256,7900,28003.2314655275,56760,0.685,0.0165,NA,0.702,0.702,0.702,0.281,0.278,NA,NA,NA,0.98,0.982,NA,NA,NA,NA,0.98,0.19,0.794,NA,NA,0.19,0.783,NA,NA,0.984,0.984,0.973,0.973,0.0162,0.0162,0.0273,0.133,"URY_2018"
"URY","rural","2","male",3505985,0.0302004671695115,2018,10134.28757589,12500,43561.9676661622,86584,0.634,0.00657,NA,0.64,0.64,0.64,0.343,0.338,NA,NA,NA,0.978,0.983,NA,NA,NA,NA,0.989,0.187,0.802,NA,NA,0.183,0.799,NA,NA,0.989,0.989,0.983,0.983,0.0106,0.0106,0.0173,0.0555,"URY_2018"
"URY","rural","3","male",3505985,0.0269927372827282,2018,15045.8093032536,18333.3333333333,58777.4026187557,146386,0.616,0.00163,NA,0.618,0.618,0.618,0.368,0.366,NA,NA,NA,0.984,0.986,NA,NA,NA,NA,0.99,0.138,0.85,NA,NA,0.136,0.844,NA,NA,0.988,0.988,0.98,0.98,0.0123,0.0123,0.0203,0.0281,"URY_2018"
"URY","rural","4","male",3505985,0.0194836755084281,2018,22543.0446480089,28833.3333333333,77233.4591505455,169575,0.615,0.00112,NA,0.617,0.617,0.617,0.371,0.371,NA,NA,NA,0.988,0.988,NA,NA,NA,NA,0.993,0.179,0.811,NA,NA,0.177,0.807,NA,NA,0.99,0.99,0.984,0.984,0.00956,0.00956,0.0159,0.0185,"URY_2018"
"URY","rural","5","male",3505985,0.00910516823870083,2018,43995.8623670203,291556,136671.637126877,874668,0.663,0,NA,0.663,0.663,0.663,0.313,0.312,NA,NA,NA,0.975,0.976,NA,NA,NA,NA,0.992,0.153,0.837,NA,NA,0.153,0.829,NA,NA,0.99,0.99,0.982,0.982,0.00976,0.00976,0.0178,0.0159,"URY_2018"
"URY","rural","total","male",3505985,0.114606267569688,2018,13709.6676216641,291556,52990.3040078914,874668,0.64,0.00609,NA,0.646,0.646,0.646,0.337,0.335,NA,NA,NA,0.981,0.984,NA,NA,NA,NA,0.988,0.171,0.817,NA,NA,0.17,0.81,NA,NA,0.988,0.988,0.98,0.98,0.012,0.012,0.02,0.0564,"URY_2018"
"URY","urban","1","all",3505985,0.158847815773615,2018,4913.56170389232,7900,26656.8422526786,86300,0.969,0.0189,NA,0.988,0.988,0.988,0.00847,0.00714,NA,NA,NA,0.995,0.996,NA,NA,NA,NA,0.959,0.506,0.464,NA,NA,0.494,0.446,NA,NA,0.97,0.97,0.941,0.941,0.0303,0.0303,0.0595,0.117,"URY_2018"
"URY","urban","2","all",3505985,0.156454170140217,2018,10181.1794589639,12500,45323.7860041243,145344,0.984,0.00525,NA,0.989,0.989,0.989,0.00913,0.008,NA,NA,NA,0.997,0.998,NA,NA,NA,NA,0.98,0.622,0.369,NA,NA,0.61,0.364,NA,NA,0.99,0.99,0.974,0.974,0.00954,0.00954,0.026,0.0292,"URY_2018"
"URY","urban","3","all",3505985,0.163599889088218,2018,15177.0575572762,18333.3333333333,59814.0656313744,168400,0.992,0.00189,NA,0.994,0.994,0.994,0.00453,0.00429,NA,NA,NA,0.999,0.999,NA,NA,NA,NA,0.986,0.693,0.304,NA,NA,0.684,0.3,NA,NA,0.996,0.996,0.984,0.984,0.00371,0.00371,0.0159,0.0149,"URY_2018"
"URY","urban","4","all",3505985,0.173058027800671,2018,22864.2941510373,28850,81237.0548367394,214833.328125,0.995,0.000428,NA,0.995,0.995,0.995,0.0038,0.0035,NA,NA,NA,0.999,0.999,NA,NA,NA,NA,0.991,0.766,0.231,NA,NA,0.759,0.23,NA,NA,0.998,0.998,0.989,0.989,0.00212,0.00212,0.0114,0.00299,"URY_2018"
"URY","urban","5","all",3505985,0.187499576651483,2018,48172.1425875263,1816916,148712.706372177,3626400,0.997,0,NA,0.997,0.997,0.997,0.00231,0.00201,NA,NA,NA,0.999,1,NA,NA,NA,NA,0.995,0.855,0.144,NA,NA,0.851,0.144,NA,NA,1,1,0.995,0.995,0.000359,0.000359,0.00502,0.00134,"URY_2018"
"URY","urban","total","all",3505985,0.829906609250131,2018,18459.0770598185,1816916,67141.0739704451,3626400,0.988,0.00501,NA,0.993,0.993,0.993,0.00549,0.00485,NA,NA,NA,0.998,0.998,NA,NA,NA,NA,0.983,0.696,0.296,NA,NA,0.687,0.29,NA,NA,0.991,0.991,0.977,0.977,0.00876,0.00876,0.0227,0.0314,"URY_2018"
"URY","urban","1","female",3505985,0.0802580950482631,2018,4693.35161843853,7900,25359.0705950358,81850,0.968,0.0251,NA,0.994,0.994,0.994,0.00442,0.00378,NA,NA,NA,0.997,0.998,NA,NA,NA,NA,0.958,0.536,0.428,NA,NA,0.525,0.41,NA,NA,0.964,0.964,0.936,0.936,0.0362,0.0362,0.0641,0.139,"URY_2018"
"URY","urban","2","female",3505985,0.0650713763957776,2018,10181.2156536927,12500,43694.5687219604,145344,0.987,0.00415,NA,0.991,0.991,0.991,0.00668,0.00494,NA,NA,NA,0.996,0.997,NA,NA,NA,NA,0.979,0.657,0.33,NA,NA,0.645,0.326,NA,NA,0.987,0.987,0.971,0.971,0.0129,0.0129,0.0294,0.0369,"URY_2018"
"URY","urban","3","female",3505985,0.0669954766701076,2018,15195.4455108624,18333.3333333333,58724.7856954519,168400,0.994,0.00139,NA,0.996,0.996,0.996,0.00408,0.00369,NA,NA,NA,1,1,NA,NA,NA,NA,0.986,0.711,0.286,NA,NA,0.702,0.282,NA,NA,0.997,0.997,0.984,0.984,0.00321,0.00321,0.0165,0.0161,"URY_2018"
"URY","urban","4","female",3505985,0.0702821045264723,2018,22888.3506018601,28850,79085.7034627777,181480,0.996,6.64e-05,NA,0.996,0.996,0.996,0.00217,0.00217,NA,NA,NA,0.998,0.998,NA,NA,NA,NA,0.989,0.776,0.222,NA,NA,0.767,0.22,NA,NA,0.998,0.998,0.987,0.987,0.00204,0.00204,0.0128,0.00264,"URY_2018"
"URY","urban","5","female",3505985,0.0743652947352378,2018,46867.2469200601,927000,137310.148019416,2160000,0.998,0,NA,0.998,0.998,0.998,0.00158,0.00158,NA,NA,NA,1,1,NA,NA,NA,NA,0.995,0.863,0.137,NA,NA,0.859,0.136,NA,NA,1,1,0.995,0.995,0.000224,0.000224,0.00478,0.00143,"URY_2018"
"URY","urban","total","female",3505985,0.359322663913923,2018,17235.3527722538,927000,61273.7156643073,2160000,0.989,0.0065,NA,0.995,0.995,0.995,0.00373,0.00319,NA,NA,NA,0.998,0.999,NA,NA,NA,NA,0.981,0.708,0.281,NA,NA,0.699,0.275,NA,NA,0.989,0.989,0.974,0.974,0.0113,0.0113,0.026,0.041,"URY_2018"
"URY","urban","1","male",3505985,0.0785897207253518,2018,5138.44661003292,7900,27982.1641915876,86300,0.969,0.0125,NA,0.982,0.982,0.982,0.0127,0.0106,NA,NA,NA,0.992,0.994,NA,NA,NA,NA,0.96,0.475,0.501,NA,NA,0.462,0.483,NA,NA,0.976,0.976,0.945,0.945,0.0242,0.0242,0.0547,0.0941,"URY_2018"
"URY","urban","2","male",3505985,0.0913827937444396,2018,10181.1536856129,12500,46483.910428583,126800,0.981,0.0061,NA,0.987,0.987,0.987,0.011,0.0104,NA,NA,NA,0.998,0.998,NA,NA,NA,NA,0.981,0.594,0.399,NA,NA,0.583,0.394,NA,NA,0.993,0.993,0.977,0.977,0.00693,0.00693,0.0234,0.0231,"URY_2018"
"URY","urban","3","male",3505985,0.0966044124181107,2018,15164.3054511905,18333.3333333333,60569.484837471,132000,0.991,0.00226,NA,0.993,0.993,0.993,0.00487,0.00474,NA,NA,NA,0.998,0.998,NA,NA,NA,NA,0.987,0.679,0.317,NA,NA,0.671,0.313,NA,NA,0.996,0.996,0.985,0.985,0.00408,0.00408,0.0154,0.0139,"URY_2018"
"URY","urban","4","male",3505985,0.102775923274199,2018,22847.8434305048,28848,82708.231132909,214833.328125,0.994,0.000694,NA,0.994,0.994,0.994,0.00501,0.00449,NA,NA,NA,0.999,0.999,NA,NA,NA,NA,0.992,0.759,0.239,NA,NA,0.753,0.237,NA,NA,0.998,0.998,0.99,0.99,0.00217,0.00217,0.0104,0.00325,"URY_2018"
"URY","urban","5","male",3505985,0.113134281916245,2018,49029.8750914698,1816916,156207.822779656,3626400,0.997,0,NA,0.997,0.997,0.997,0.00285,0.00233,NA,NA,NA,0.999,1,NA,NA,NA,NA,0.995,0.85,0.15,NA,NA,0.845,0.15,NA,NA,1,1,0.995,0.995,0.000458,0.000458,0.0052,0.00127,"URY_2018"
"URY","urban","total","male",3505985,0.470583945336208,2018,19393.4733035954,1816916,71621.1987974676,3626400,0.987,0.00383,NA,0.991,0.991,0.991,0.0069,0.00618,NA,NA,NA,0.997,0.998,NA,NA,NA,NA,0.984,0.685,0.308,NA,NA,0.677,0.303,NA,NA,0.993,0.993,0.98,0.98,0.00674,0.00674,0.0201,0.0239,"URY_2018"
